PRACTICE_CODE,YEAR,MONTH,POSTCODE,depression,alzheimers,blood pressure,hypertension,diabetes,cardiovascular disease,insomnia,addiction,social anxiety,ITEMS
-,2020,07,-,292,23,97,98,18,58,56,80,88,12790
A81001,2020,07,TS181HU,657,29,729,734,172,521,9,0,125,8618
A81002,2020,07,TS182AW,3305,106,3552,3573,714,2818,44,0,865,38754
A81004,2020,07,TS58SB,1362,41,1502,1516,369,1357,97,0,419,18058
A81005,2020,07,TS147DJ,1140,45,1835,1842,314,1500,25,0,378,17086
A81006,2020,07,TS182AT,2787,63,2847,2863,605,2537,15,0,872,30943
A81007,2020,07,TS247PW,1603,22,1423,1444,304,1088,3,0,470,17361
A81009,2020,07,TS56HF,1174,29,1530,1542,357,1167,59,0,351,15020
A81011,2020,07,TS247PW,2075,27,2509,2515,393,1768,58,0,638,25993
A81012,2020,07,TS36AL,1386,12,934,941,299,720,19,0,344,12258
A81013,2020,07,TS122FF,1704,19,1614,1639,373,1137,54,0,444,17010
A81014,2020,07,TS232LA,463,33,916,924,159,977,21,1,121,9137
A81016,2020,07,TS13QY,1274,32,1497,1506,424,1315,58,1,384,17456
A81017,2020,07,TS170EE,2416,84,3237,3254,652,2623,79,0,711,31821
A81018,2020,07,TS104NW,2100,34,2212,2220,595,1802,98,0,614,24434
A81019,2020,07,TS37RL,1803,22,1523,1544,376,1395,60,0,487,19784
A81020,2020,07,TS43BU,1214,44,1505,1517,366,1100,68,0,353,17184
A81021,2020,07,TS66TD,2515,66,2834,2910,735,2484,169,1,648,32301
A81022,2020,07,TS122TG,2033,26,2206,2225,401,1534,72,0,564,21383
A81023,2020,07,TS12NX,1186,16,912,924,215,561,43,0,286,11577
A81025,2020,07,TS181HU,680,35,766,766,168,661,30,0,204,8678
A81026,2020,07,TS56HA,3512,48,2799,2840,731,2317,115,0,1297,36903
A81027,2020,07,TS159DD,1777,81,2135,2170,296,1686,34,0,494,22202
A81029,2020,07,TS12NX,1329,23,1311,1336,342,1091,48,0,250,15298
A81030,2020,07,TS13RY,2059,54,2543,2562,525,1811,105,0,616,26622
A81031,2020,07,TS247PW,2120,45,1649,1661,333,1465,14,0,550,22502
A81032,2020,07,TS147DJ,2053,45,2141,2149,422,1745,106,0,588,25181
A81034,2020,07,TS170EE,3150,78,3280,3294,691,2586,51,0,1028,38635
A81035,2020,07,TS13RX,1436,30,1484,1512,320,1146,70,1,434,17598
A81036,2020,07,TS202UZ,3040,102,3451,3474,617,2657,81,2,922,36723
A81037,2020,07,TS12NX,1026,17,1132,1136,355,966,78,0,264,13445
A81038,2020,07,TS36AL,579,9,716,723,272,582,72,0,162,8325
A81039,2020,07,TS169EA,1404,41,1924,1937,368,1363,24,0,490,18128
A81040,2020,07,TS232DG,1459,35,1158,1174,238,1000,53,0,434,15414
A81041,2020,07,TS249DN,1472,47,1558,1566,293,1084,25,0,570,16329
A81042,2020,07,TS69QG,3087,43,3165,3187,701,2676,170,2,758,32584
A81043,2020,07,TS60HA,2060,29,1698,1726,351,1236,118,1,608,20524
A81044,2020,07,TS251QU,3288,98,3727,3740,843,3137,29,0,976,39732
A81045,2020,07,TS101SR,1496,34,1512,1514,331,1249,50,0,346,17089
A81046,2020,07,TS181YE,2061,61,1929,1954,390,1517,72,0,495,23385
A81048,2020,07,TS117BL,1350,73,2252,2277,332,1899,14,0,353,20137
A81049,2020,07,TS36AL,1358,20,1166,1172,390,1210,106,0,393,15050
A81051,2020,07,TS55NN,974,17,1086,1096,249,990,21,0,273,12345
A81052,2020,07,TS104NW,1662,30,1930,1953,376,1426,125,0,465,21346
A81053,2020,07,TS134HW,1506,31,1669,1715,307,1248,121,0,276,18025
A81054,2020,07,TS101UA,1706,34,1831,1847,369,1489,84,0,453,19685
A81056,2020,07,TS232JW,321,9,641,641,116,336,10,0,91,4605
A81057,2020,07,TS232LS,1745,35,1479,1498,364,1231,21,0,448,18035
A81058,2020,07,TS80TL,1693,31,1544,1575,289,991,77,0,411,18398
A81060,2020,07,TS268DB,805,16,754,758,176,680,73,0,196,10872
A81063,2020,07,TS240NZ,790,25,1309,1316,224,863,1,0,245,10286
A81064,2020,07,TS12NX,1079,8,742,752,169,619,49,0,340,11036
A81065,2020,07,TS66TD,785,15,751,760,210,580,14,0,212,7943
A81066,2020,07,TS211JS,725,19,1171,1183,159,871,17,0,145,9744
A81067,2020,07,TS182BP,2167,41,1516,1522,423,1443,50,0,588,21092
A81070,2020,07,TS253DQ,1051,41,987,989,256,829,8,0,257,11384
A81602,2020,07,TS232DG,377,8,695,707,95,554,16,0,115,5928
A81608,2020,07,TS176PG,1332,23,1413,1415,307,1183,6,0,403,12983
A81610,2020,07,TS232DG,1048,31,1343,1355,246,1032,6,0,310,13433
A81611,2020,07,TS80TL,1236,30,1258,1276,238,874,105,0,385,13314
A81612,2020,07,TS251AX,338,6,611,616,112,460,2,0,79,5282
A81618,2020,07,TS121BJ,1848,57,2046,2080,370,1409,128,0,629,22791
A81621,2020,07,TS39NB,555,5,327,330,101,350,37,0,173,5346
A81622,2020,07,TS268DF,1023,24,818,822,157,662,13,0,244,10210
A81629,2020,07,TS182AP,880,29,819,825,237,735,13,0,211,9912
A81631,2020,07,TS249LJ,986,17,915,918,190,788,9,0,309,11490
A81634,2020,07,TS182EP,253,1,130,133,31,86,5,0,76,1960
A82003,2020,07,LA127BT,1144,51,1397,1411,265,1077,72,0,374,16216
A82004,2020,07,CA93QX,342,9,596,603,105,413,18,5,72,5117
A82005,2020,07,LA229BP,620,29,1244,1260,133,867,72,4,160,10303
A82006,2020,07,CA166QR,546,13,1089,1105,162,710,18,0,119,8990
A82007,2020,07,LA141LF,1699,23,1437,1469,289,1063,126,27,428,19237
A82008,2020,07,LA145ES,1978,45,2092,2167,429,1456,121,1,538,23698
A82009,2020,07,LA139SH,1642,47,2171,2216,440,1596,17,59,456,20194
A82010,2020,07,LA142LB,864,25,1013,1041,223,779,63,4,242,11314
A82012,2020,07,CA81NL,2519,91,4027,4052,615,2949,106,14,588,37383
A82013,2020,07,CA174RB,776,24,1445,1454,273,1061,41,3,98,13145
A82014,2020,07,CA78DS,415,28,1079,1164,134,693,10,0,80,8650
A82015,2020,07,CA11EB,847,18,764,776,200,493,39,0,217,9684
A82016,2020,07,CA11DG,5507,87,5096,5150,862,3796,230,75,1317,61566
A82018,2020,07,CA11BP,1464,29,1279,1296,158,1032,49,34,418,15599
A82019,2020,07,CA12HE,1178,36,1236,1261,239,797,24,0,286,13773
A82020,2020,07,CA27AJ,1751,40,1848,1874,307,1316,101,0,558,21800
A82021,2020,07,CA139HT,2164,62,3647,3683,484,2193,37,21,452,30285
A82022,2020,07,CA57PZ,690,23,1376,1385,188,910,11,0,185,10289
A82023,2020,07,CA145UR,790,25,1359,1370,184,1025,18,16,171,11692
A82024,2020,07,CA201PN,595,24,1575,1594,250,1009,42,0,135,11816
A82025,2020,07,LA94JE,1442,34,1501,1513,297,1158,115,5,397,16553
A82026,2020,07,LA97HR,2007,71,3187,3208,521,2303,46,0,511,29597
A82027,2020,07,LA96SA,1250,45,2152,2164,367,1668,29,0,274,19056
A82028,2020,07,CA124DB,825,76,1969,1984,212,1220,18,0,201,14651
A82029,2020,07,CA75JH,508,36,1203,1210,175,685,1,0,71,8390
A82030,2020,07,LA62HQ,794,34,1288,1312,153,1009,60,0,112,13891
A82031,2020,07,CA103LW,384,19,729,734,115,590,10,0,98,6630
A82032,2020,07,CA158EL,2706,58,3324,3351,652,2052,41,97,608,32218
A82033,2020,07,LA184BY,1183,26,1131,1155,237,923,167,0,312,16335
A82035,2020,07,CA118HW,1575,61,2011,2038,302,1349,45,0,306,21316
A82036,2020,07,CA118HW,1117,41,1486,1493,233,1115,6,0,198,15681
A82037,2020,07,CA74AH,637,30,1048,1059,203,736,8,0,90,10521
A82038,2020,07,CA101RW,461,14,911,916,132,628,20,4,133,7638
A82039,2020,07,LA158AB,961,48,1458,1482,236,930,25,5,321,14224
A82041,2020,07,CA287RG,1935,44,2668,2691,456,1861,52,17,416,24409
A82044,2020,07,CA222BD,4128,85,5644,5726,900,3291,176,155,812,54144
A82045,2020,07,CA79QD,1347,24,1927,1949,280,1407,86,0,302,18281
A82046,2020,07,LA232EG,508,20,864,869,169,591,18,0,99,7658
A82047,2020,07,CA142DL,1781,54,2271,2292,336,1450,82,80,306,22168
A82048,2020,07,CA143FT,1154,21,1237,1243,235,851,18,21,234,13114
A82049,2020,07,CA142ED,991,23,1285,1297,196,939,18,39,207,11928
A82050,2020,07,CA142AJ,1375,11,1395,1410,265,1021,62,29,344,15697
A82053,2020,07,LA117DJ,650,51,1215,1228,176,884,43,0,143,11433
A82055,2020,07,CA73HH,912,16,1562,1588,325,1162,18,0,227,14162
A82058,2020,07,CA287BA,751,21,1069,1087,158,608,2,11,150,10002
A82062,2020,07,LA142LB,741,15,820,843,164,608,8,1,256,8541
A82064,2020,07,CA222DB,936,17,1303,1319,237,1091,37,16,183,12038
A82065,2020,07,LA117DJ,434,21,813,816,115,611,18,0,82,7765
A82068,2020,07,LA127BT,496,18,635,640,95,359,38,0,95,6422
A82070,2020,07,LA231BA,530,32,1380,1396,189,878,26,6,83,10711
A82071,2020,07,LA143HY,723,45,1228,1262,176,662,39,17,155,10264
A82072,2020,07,LA142LB,1310,33,1480,1512,294,1223,22,0,330,14406
A82075,2020,07,CA287BU,1253,18,1599,1629,274,1061,28,13,306,14656
A82077,2020,07,LA139QY,1087,10,621,642,176,534,58,9,258,10921
A82608,2020,07,LA105DL,494,25,910,914,195,609,18,0,57,7622
A82613,2020,07,LA218ER,91,0,140,146,29,85,6,0,10,1723
A82617,2020,07,CA101DQ,290,4,566,566,119,449,10,0,44,4985
A82620,2020,07,CA110PD,45,8,203,203,26,134,0,3,16,1239
A82623,2020,07,CA142RW,887,16,1076,1087,234,829,20,0,147,11036
A82629,2020,07,LA145SL,596,19,669,678,110,488,13,13,173,6778
A82631,2020,07,CA40HP,409,13,827,831,90,491,10,0,94,6897
A82646,2020,07,CA65XA,736,20,787,794,204,693,3,0,204,8239
A82647,2020,07,LA116PH,403,31,831,835,88,551,21,2,73,6872
A82650,2020,07,LA128QF,322,13,545,552,69,326,23,0,45,5022
A82651,2020,07,LA177TE,483,33,817,820,164,665,25,5,110,8521
A82654,2020,07,CA11LB,1182,36,1852,1869,267,982,42,0,322,14679
A83001,2020,07,DL166QA,3044,74,2899,2918,510,2101,60,1,955,33069
A83003,2020,07,DL150EQ,1666,32,1878,1882,382,1457,33,0,505,21671
A83005,2020,07,DL13RT,2145,71,2054,2061,472,1788,85,2,675,25713
A83006,2020,07,DL36HZ,1012,74,992,995,295,966,48,3,259,13466
A83007,2020,07,TS274LQ,2482,58,2311,2319,566,2196,67,4,615,30783
A83008,2020,07,DL42HP,1370,50,1380,1386,319,1146,67,0,382,17149
A83009,2020,07,DH33SL,1379,106,1665,1670,265,1176,24,1,364,18015
A83010,2020,07,DL39JP,2194,86,2506,2512,466,1992,141,1,646,29381
A83011,2020,07,DH11QW,1560,141,1604,1615,268,1177,84,7,581,19594
A83012,2020,07,SR85TW,3619,85,4344,4360,811,3553,116,0,847,45906
A83013,2020,07,DL14YL,2112,73,2000,2012,431,1441,119,0,673,23627
A83014,2020,07,DH12QW,1045,63,1384,1393,224,807,28,0,302,14317
A83015,2020,07,DL146AB,1760,68,2156,2164,587,1913,86,0,518,24646
A83016,2020,07,DH98AD,2801,77,3081,3090,820,2322,75,0,748,32389
A83018,2020,07,DH85YA,4881,199,5034,5043,1318,3971,212,0,1363,59480
A83020,2020,07,DL159HU,2333,42,2840,2861,608,2310,81,0,655,32072
A83021,2020,07,DL146RP,3249,83,3528,3543,864,3004,181,0,1023,39969
A83022,2020,07,DH78NH,4895,157,5180,5202,1144,3975,133,0,1485,59876
A83023,2020,07,DH90AB,2586,68,2741,2763,830,2620,48,0,730,32262
A83024,2020,07,DH46RQ,1187,78,1277,1286,276,991,18,0,346,14459
A83025,2020,07,DL147EJ,2720,81,3112,3133,772,2973,124,0,954,36332
A83026,2020,07,DH76JW,2157,59,2107,2119,445,1534,33,2,688,24891
A83027,2020,07,DH64DH,1125,27,1046,1053,212,969,55,5,361,14630
A83028,2020,07,DH33QD,2108,78,2468,2492,578,2186,82,0,694,27344
A83029,2020,07,DH34LE,1086,35,1050,1055,172,803,42,0,200,13198
A83030,2020,07,DH77DG,2122,89,2528,2533,571,2070,70,0,665,26551
A83031,2020,07,DL38SQ,1509,74,1932,1941,381,1698,137,1,406,22963
A83032,2020,07,DL135AF,420,46,708,711,167,698,31,0,68,6846
A83033,2020,07,DH21HS,1991,98,2426,2436,575,2191,25,0,524,24824
A83034,2020,07,DL37JR,1350,48,1387,1394,249,1067,108,2,464,16218
A83035,2020,07,DL132XD,1044,24,2105,2115,324,1505,16,0,278,17153
A83036,2020,07,DH15BH,1059,97,1621,1633,266,1147,66,0,295,18619
A83037,2020,07,DL55LH,2806,79,3814,3838,709,2834,133,0,945,39468
A83038,2020,07,NE166HU,971,30,902,903,252,791,24,0,228,11335
A83040,2020,07,DL15JN,2179,96,1833,1838,468,1654,88,0,694,24298
A83041,2020,07,SR79AB,2458,49,2421,2434,593,1915,28,0,589,27527
A83043,2020,07,DL120QE,422,18,931,937,158,749,5,0,148,7011
A83044,2020,07,SR84LD,1729,59,1650,1656,326,1383,33,2,466,19376
A83045,2020,07,DL178JJ,3373,87,3070,3106,646,2398,120,0,862,40084
A83046,2020,07,DL128HT,1671,77,2603,2617,458,1878,52,1,487,23877
A83047,2020,07,DL30PD,2582,93,2296,2302,602,2190,84,0,949,29917
A83048,2020,07,DL22DS,804,39,1252,1257,189,973,55,0,269,12939
A83049,2020,07,DH80BW,2805,116,3235,3262,687,2447,191,0,726,34870
A83050,2020,07,DH23DJ,2134,116,2226,2231,442,1885,118,0,576,29146
A83051,2020,07,SR77JE,2506,101,2628,2651,436,2324,81,0,672,30936
A83052,2020,07,DL166ED,2214,64,1947,1956,477,1600,54,1,717,26322
A83054,2020,07,TS213BN,2659,57,3267,3289,664,2257,47,0,706,33033
A83055,2020,07,DH12UW,585,43,797,802,166,517,35,0,147,8201
A83057,2020,07,TS285PZ,4436,83,4444,4467,1013,4021,135,1,1128,53658
A83060,2020,07,DL135NX,382,7,669,673,166,504,41,0,125,7469
A83061,2020,07,DL23BE,420,14,696,699,131,476,32,0,93,6675
A83066,2020,07,DL54SE,2482,47,2130,2144,394,2124,84,0,698,25781
A83070,2020,07,DL21BY,930,74,1388,1393,238,1205,38,0,313,13759
A83071,2020,07,SR78DY,1020,22,930,933,266,908,15,0,259,10606
A83072,2020,07,DH70LP,513,39,837,842,126,749,8,0,170,8300
A83073,2020,07,DH97XT,946,24,1213,1222,306,982,14,0,292,13827
A83074,2020,07,DL55NH,2164,37,1928,1937,595,1878,40,0,632,25175
A83075,2020,07,SR78LF,2397,67,2610,2651,724,2501,47,0,560,29614
A83610,2020,07,TS285PZ,704,13,693,695,131,661,15,0,167,8668
A83616,2020,07,DH62LQ,1787,26,1918,1964,447,1657,45,0,660,21261
A83617,2020,07,DH79YT,514,30,707,710,156,603,18,0,152,7229
A83618,2020,07,NE177SB,1625,60,1774,1784,409,1641,50,0,324,20911
A83619,2020,07,DH62LT,873,22,741,741,224,699,4,0,169,8916
A83622,2020,07,DH70BD,371,27,594,594,127,521,1,0,86,5068
A83626,2020,07,DL149SU,378,24,573,581,112,550,12,0,151,5561
A83627,2020,07,DH62TH,1506,35,1472,1482,391,1192,28,0,315,15714
A83630,2020,07,DH78SJ,326,8,363,367,115,316,12,0,100,4636
A83632,2020,07,DH96AN,343,7,461,466,101,311,11,0,78,5112
A83634,2020,07,DL179LH,870,16,973,985,227,802,46,0,226,10584
A83635,2020,07,DH65AL,711,22,705,705,160,563,17,0,162,7891
A83636,2020,07,DH86DP,1495,35,1721,1727,348,1474,17,0,436,16897
A83637,2020,07,DH22NJ,532,36,551,552,135,499,38,0,140,7006
A83641,2020,07,DL15LW,803,46,785,785,196,662,28,1,178,8872
A83644,2020,07,DH97TD,673,19,721,727,248,794,16,0,141,9033
A84002,2020,07,NE657UW,476,22,879,885,108,702,22,0,123,9374
A84003,2020,07,NE639UT,2876,88,2812,2834,606,2362,105,0,654,34517
A84005,2020,07,NE226JX,2032,81,1904,1916,403,1697,37,1,456,25152
A84006,2020,07,NE662NL,2951,109,5165,5184,778,3770,133,1,651,47182
A84007,2020,07,NE209SD,1393,122,2404,2415,438,2018,66,0,381,25569
A84008,2020,07,NE707ER,715,23,1304,1311,194,806,51,0,163,11706
A84009,2020,07,NE241HD,5273,129,4802,4847,1164,3781,87,0,960,56352
A84011,2020,07,NE209SD,1002,80,1915,1922,272,1632,19,0,238,17363
A84013,2020,07,NE227DU,911,37,1204,1212,276,1088,24,0,259,13172
A84014,2020,07,NE241DX,1879,24,1785,1797,338,1372,13,0,365,21890
A84016,2020,07,NE425PW,844,24,952,955,226,854,18,0,260,11150
A84018,2020,07,NE455LG,943,52,1313,1322,179,980,55,0,179,14990
A84020,2020,07,NE625RA,1462,45,1499,1506,295,1218,4,0,370,18107
A84022,2020,07,NE650HD,1940,39,2490,2499,434,2003,94,0,533,28471
A84024,2020,07,NE461QJ,1221,63,1679,1688,261,1185,97,0,365,18533
A84025,2020,07,NE236QN,1004,18,1278,1292,268,1059,3,0,241,12581
A84026,2020,07,TD151LL,1694,76,1660,1667,313,1632,118,0,358,23132
A84027,2020,07,NE482HE,464,29,1026,1031,146,785,21,0,69,8929
A84028,2020,07,NE630NG,4077,52,4110,4135,960,3812,28,0,789,45255
A84029,2020,07,NE615LX,436,11,995,999,201,634,2,0,108,7824
A84030,2020,07,NE236US,1422,84,1593,1599,321,1456,45,0,374,19984
A84031,2020,07,NE611JX,928,42,1231,1237,167,1074,37,0,250,14625
A84032,2020,07,NE716BL,376,9,536,536,119,578,17,0,79,6277
A84033,2020,07,NE461QJ,829,45,1049,1056,166,901,39,0,239,11545
A84034,2020,07,NE499AP,944,14,1485,1501,258,1144,37,0,347,14463
A84035,2020,07,NE418DH,846,29,1161,1167,235,1019,31,0,221,13532
A84036,2020,07,NE611BJ,3969,100,4282,4300,921,3593,66,1,1017,47346
A84037,2020,07,NE237EF,987,36,1027,1029,216,783,77,0,154,12042
A84038,2020,07,NE236QN,1430,59,1162,1169,358,1112,70,0,390,15634
A84039,2020,07,NE611JX,755,18,976,986,191,866,51,0,269,10957
A84040,2020,07,NE464BU,506,18,1182,1189,129,786,28,0,84,8970
A84042,2020,07,NE614EG,238,5,395,395,73,297,4,0,75,3782
A84043,2020,07,NE231XZ,2435,50,2826,2838,512,2226,76,0,524,29973
A84044,2020,07,TD152HB,1294,56,1409,1417,316,1213,85,0,268,17917
A84045,2020,07,NE476LA,859,47,1217,1220,203,978,31,0,171,11707
A84047,2020,07,NE437LL,645,46,1273,1280,172,878,14,0,155,11051
A84604,2020,07,NE716BL,291,3,609,614,88,420,18,0,50,5742
A84609,2020,07,NE659PR,165,7,506,508,78,294,0,0,43,3450
A84614,2020,07,NE425HR,240,6,268,271,77,217,6,0,77,3190
A84619,2020,07,NE250BW,548,6,550,551,95,517,16,0,140,6057
A85001,2020,07,NE95EY,1339,103,1306,1308,233,1264,28,0,305,17461
A85002,2020,07,NE82XB,538,26,771,772,187,623,24,13,143,8436
A85003,2020,07,NE391PW,1026,57,1561,1568,262,1260,37,0,242,15542
A85004,2020,07,NE108PH,2413,146,2016,2034,442,1925,49,1,634,27501
A85005,2020,07,NE81RQ,3204,156,2958,2968,801,2748,86,139,780,37853
A85006,2020,07,NE119FJ,1850,53,1623,1633,347,1533,45,0,425,20490
A85007,2020,07,NE95XY,1181,62,1198,1206,200,1034,22,0,266,15450
A85008,2020,07,DH32QT,3299,194,3841,3875,731,3161,71,46,868,41550
A85009,2020,07,NE109QG,1385,84,1212,1219,298,1087,16,0,348,15940
A85010,2020,07,NE215AE,1652,96,1886,1898,391,1583,18,0,382,21462
A85011,2020,07,NE109QG,1877,154,1751,1761,396,1760,29,0,483,23116
A85012,2020,07,NE81HR,1123,42,848,850,213,793,35,0,287,11967
A85013,2020,07,NE81AD,500,18,840,842,220,790,9,0,78,7954
A85014,2020,07,NE404US,1188,76,1625,1627,302,1533,21,0,314,16773
A85016,2020,07,NE97AD,2873,134,2538,2555,554,2576,82,2,774,33076
A85017,2020,07,NE84DP,1073,20,939,948,250,869,13,0,331,12430
A85018,2020,07,NE214RD,898,28,887,891,218,835,53,0,175,11659
A85019,2020,07,NE81NB,1493,58,1236,1245,348,1110,51,76,345,18040
A85020,2020,07,NE164PD,2071,111,2557,2579,427,2474,56,6,532,31412
A85021,2020,07,NE82UR,397,16,472,473,115,423,39,0,121,5306
A85023,2020,07,NE82PQ,1614,48,1203,1225,300,1237,46,238,416,15472
A85024,2020,07,NE177BU,604,28,742,751,149,632,23,0,228,7282
A85026,2020,07,NE96YS,1004,31,893,894,207,912,16,0,277,10804
A85611,2020,07,NE100RR,1002,46,979,983,276,924,15,0,264,12128
A85614,2020,07,NE81AD,819,15,785,797,187,853,10,0,226,9136
A85616,2020,07,NE214RD,764,39,1061,1073,228,1087,14,0,169,11924
A85617,2020,07,NE165LP,579,2,814,816,169,581,18,0,141,8213
A85620,2020,07,NE403LT,683,30,811,813,126,677,25,0,169,8564
A86003,2020,07,NE18DQ,4311,111,2793,2817,771,2659,90,2,1272,43671
A86004,2020,07,NE48AY,1814,74,2073,2091,571,1595,100,0,332,25795
A86005,2020,07,NE128LS,1309,59,1231,1242,320,1153,18,0,274,15026
A86006,2020,07,NE31NB,785,47,1217,1222,153,1039,45,0,159,11412
A86007,2020,07,NE21JQ,221,12,264,265,31,203,19,0,51,2815
A86008,2020,07,NE32PE,1687,70,1665,1691,346,1315,121,0,377,22182
A86010,2020,07,NE65SL,1142,33,1050,1060,213,953,71,0,265,14271
A86011,2020,07,NE63BS,2439,90,3124,3135,713,2770,78,5,613,34301
A86012,2020,07,NE49QB,1164,76,1661,1663,651,1573,29,5,304,18024
A86013,2020,07,NE52QW,1472,71,1747,1773,429,1680,90,0,358,21252
A86016,2020,07,NE77XX,1182,116,1423,1449,289,1067,34,0,256,15936
A86017,2020,07,NE47JT,2702,85,2001,2028,618,1906,100,2,535,29434
A86018,2020,07,NE31NU,1414,74,1865,1872,262,1523,68,0,383,20420
A86020,2020,07,NE23LD,1174,108,1310,1313,217,1226,67,1,306,16786
A86021,2020,07,NE48QB,2462,108,2782,2819,675,2307,50,0,539,30989
A86022,2020,07,NE51LJ,1501,102,1845,1865,322,1387,37,0,323,19736
A86023,2020,07,NE64QD,1760,92,1595,1596,328,1427,100,0,502,22044
A86024,2020,07,NE61SA,1595,26,1290,1302,285,1193,39,0,375,16976
A86025,2020,07,NE52LH,3398,78,2681,2705,803,2241,155,59,686,36892
A86026,2020,07,NE159PA,1545,67,1630,1645,355,1347,37,2,285,18772
A86027,2020,07,NE17XR,390,2,155,155,55,113,8,0,109,2696
A86028,2020,07,NE31DQ,565,41,702,723,183,537,12,0,162,7797
A86029,2020,07,NE61SG,4075,124,4560,4580,1043,4345,124,0,834,47102
A86030,2020,07,NE156TQ,2411,75,2097,2108,703,1888,89,0,557,30849
A86031,2020,07,NE49XD,1620,66,1275,1287,387,1117,68,2,413,17822
A86033,2020,07,NE35NF,358,38,537,542,88,362,22,0,96,5841
A86035,2020,07,NE35JP,294,25,379,380,99,339,4,0,82,4318
A86036,2020,07,NE31TX,1305,99,1186,1193,294,1108,161,1,365,17006
A86037,2020,07,NE46SH,1396,25,1313,1322,488,1337,50,0,259,17330
A86038,2020,07,NE158LX,1569,62,1537,1540,332,1370,70,0,395,19148
A86040,2020,07,NE62NN,1938,52,1346,1358,385,1212,65,59,410,19026
A86041,2020,07,NE77TD,956,72,1168,1189,251,974,45,0,162,12913
A86601,2020,07,NE52UY,1905,70,2296,2326,488,2224,75,0,342,25420
A87002,2020,07,NE290HQ,1254,57,1478,1493,299,1265,54,0,256,16580
A87003,2020,07,NE286RZ,1885,92,2051,2071,444,1688,58,0,379,24676
A87004,2020,07,NE290SF,4002,195,3590,3609,750,2906,219,0,1081,48908
A87005,2020,07,NE262ND,1384,70,1466,1476,349,1305,109,0,321,20604
A87006,2020,07,NE261NA,862,89,902,904,138,839,61,0,232,11843
A87007,2020,07,NE129BQ,3366,130,3177,3215,815,2981,142,0,716,39468
A87008,2020,07,NE263LW,976,48,1116,1130,231,706,48,0,223,12575
A87009,2020,07,NE290HT,2691,84,2617,2630,549,2475,188,0,510,32318
A87011,2020,07,NE259XJ,827,38,1093,1093,193,767,34,0,266,11953
A87012,2020,07,NE136LN,1860,111,1798,1805,372,1568,56,2,468,21375
A87013,2020,07,NE280AD,1535,87,1904,1911,346,1602,44,0,307,21307
A87016,2020,07,NE286BB,1849,80,2259,2286,488,1798,38,0,430,26144
A87017,2020,07,NE136JJ,941,92,1654,1657,273,1338,29,0,242,16089
A87019,2020,07,NE290DZ,981,60,1121,1125,243,906,22,0,239,11747
A87020,2020,07,NE259PH,988,69,1310,1323,157,1008,43,4,270,14781
A87022,2020,07,NE270HJ,1423,45,1197,1211,305,977,48,0,347,15361
A87023,2020,07,NE270HJ,933,27,920,921,226,751,28,0,233,11317
A87029,2020,07,NE287LP,2132,47,1844,1858,392,1438,67,0,453,21352
A87030,2020,07,NE296HT,1250,18,946,952,240,677,52,0,328,12478
A87600,2020,07,NE261DU,605,29,736,739,137,623,22,0,125,8840
A87612,2020,07,NE126HS,1318,67,1274,1282,258,989,50,0,311,15191
A87615,2020,07,NE126HS,746,52,958,960,194,648,5,0,244,9103
A88001,2020,07,NE311NU,682,30,820,824,250,835,11,0,207,9479
A88002,2020,07,NE334QY,3598,167,2802,2838,730,2345,75,0,836,37136
A88003,2020,07,NE346RE,2685,154,2501,2547,444,2139,30,16,828,31251
A88004,2020,07,NE325SE,1504,63,1479,1496,313,1208,22,0,388,18613
A88005,2020,07,NE349BP,889,35,942,957,254,955,35,0,179,11572
A88006,2020,07,NE340BX,1392,86,1372,1389,290,1145,24,0,262,18112
A88007,2020,07,NE334DX,1240,81,1349,1356,303,1230,50,22,272,15860
A88008,2020,07,NE335DU,1243,38,1253,1282,240,886,12,4,244,14836
A88009,2020,07,NE359AN,913,34,1253,1257,193,848,11,0,229,11343
A88010,2020,07,NE325AG,863,37,872,883,204,1099,29,2,238,12977
A88012,2020,07,NE312SP,1207,49,1397,1411,242,1293,19,0,302,16736
A88013,2020,07,NE348PS,3762,157,3593,3629,757,2872,70,5,1048,44547
A88014,2020,07,NE334JP,335,8,557,564,93,449,11,0,49,5315
A88015,2020,07,NE335DU,1519,84,1400,1409,406,1395,8,14,397,17931
A88016,2020,07,NE359AN,1214,64,1543,1567,296,1262,29,0,257,16813
A88022,2020,07,NE311NU,2125,79,1863,1896,370,1682,11,15,643,23628
A88023,2020,07,SR67EE,836,62,1158,1160,241,863,13,0,171,12850
A88025,2020,07,NE323UX,703,25,726,735,138,693,2,14,162,9676
A88601,2020,07,NE334EG,604,42,646,651,92,502,8,0,165,7274
A88608,2020,07,NE333ET,899,18,944,966,198,1002,20,0,202,12888
A88613,2020,07,NE323UX,731,16,805,814,144,621,31,0,191,9880
A89001,2020,07,SR28AD,3410,129,4613,4629,872,3520,20,0,984,42037
A89002,2020,07,SR12HJ,1604,61,1622,1636,498,1442,44,0,387,18722
A89004,2020,07,DH59EZ,3480,171,3843,3867,897,3163,117,0,882,40737
A89005,2020,07,SR28AX,1350,64,1451,1470,336,1163,61,1,342,16425
A89006,2020,07,SR47XF,1491,50,1795,1807,452,1349,34,0,409,18715
A89007,2020,07,SR47XF,1560,66,2297,2331,504,1846,54,0,488,22247
A89008,2020,07,SR55PS,1437,75,1638,1663,320,1499,77,0,328,17294
A89009,2020,07,DH44LE,1773,79,1751,1768,390,1459,74,0,348,20555
A89010,2020,07,NE372PU,2147,97,2168,2180,481,1852,73,0,506,27178
A89011,2020,07,SR32AN,1140,137,1035,1054,248,921,11,0,243,13174
A89012,2020,07,NE387NQ,2587,75,2586,2603,678,2391,76,0,730,28834
A89013,2020,07,SR12QB,1533,33,1407,1438,312,1431,144,0,328,19137
A89015,2020,07,SR68DZ,1345,121,2048,2060,242,1919,54,0,292,21714
A89016,2020,07,SR60QQ,1563,77,1714,1731,316,1239,103,0,369,20238
A89017,2020,07,SR47AF,2700,78,2622,2631,659,2081,90,0,624,32214
A89018,2020,07,SR28JG,944,27,1250,1259,253,973,17,0,305,13354
A89019,2020,07,SR52LT,4918,107,4353,4408,1025,3877,126,5,1119,52107
A89020,2020,07,SR46QE,1507,63,1591,1635,355,1265,70,0,347,19474
A89021,2020,07,DH45EQ,1932,80,2071,2078,473,1640,71,0,456,22918
A89022,2020,07,NE372PU,1112,45,1099,1110,278,914,82,0,236,13970
A89023,2020,07,DH44DN,1727,63,1970,1977,544,1956,80,0,374,22978
A89024,2020,07,SR34HG,1264,58,1420,1427,285,1258,16,0,231,15447
A89025,2020,07,NE387NQ,2543,79,2415,2439,639,2119,97,1,679,28307
A89026,2020,07,NE372PU,1386,43,1841,1847,433,1559,53,0,245,19861
A89027,2020,07,SR34HG,1634,54,1361,1378,298,1191,9,0,347,16391
A89028,2020,07,DH44RB,1575,64,1821,1828,369,1636,25,0,416,18782
A89030,2020,07,DH44RW,1749,43,2065,2095,416,1746,22,0,314,22007
A89031,2020,07,SR47XF,1043,45,1214,1217,205,1054,12,0,177,12335
A89032,2020,07,SR32AN,2385,104,2212,2231,441,1777,17,5,552,25855
A89034,2020,07,SR27BA,418,27,590,592,130,505,11,0,152,6581
A89035,2020,07,SR20RX,2350,69,2524,2558,486,2001,7,0,446,25415
A89036,2020,07,SR53EX,630,14,630,644,182,576,105,0,149,7265
A89040,2020,07,SR60AB,747,69,1188,1192,297,1137,16,0,133,12053
A89041,2020,07,SR34BY,1928,26,1392,1398,323,939,23,0,513,17984
A89614,2020,07,SR40LS,849,8,1094,1104,228,864,13,0,295,11150
A89616,2020,07,NE389EH,507,17,628,636,116,525,31,0,150,6154
A89617,2020,07,NE389AB,759,28,1023,1035,244,1012,55,0,138,11320
A89623,2020,07,SR47TU,300,14,338,339,118,399,15,0,62,4508
B81002,2020,07,HU74DW,542,13,683,691,160,577,63,0,101,7650
B81003,2020,07,DN358EB,1851,78,3145,3203,425,2792,66,0,403,31738
B81004,2020,07,HU181LP,2182,59,3491,3557,440,2480,112,0,376,34972
B81005,2020,07,DN185ER,2444,75,4654,4704,880,3364,103,0,470,41905
B81006,2020,07,YO152QW,1063,33,1600,1626,248,1362,20,1,226,19497
B81007,2020,07,DN159TA,1348,53,2724,2749,322,1764,53,0,278,23960
B81008,2020,07,HU92LJ,5271,133,6499,6520,1316,4927,188,0,1213,71106
B81009,2020,07,YO433FF,1130,23,1965,1977,236,1456,26,0,362,18050
B81010,2020,07,HU139LZ,1558,44,2664,2687,390,1870,82,0,417,24358
B81011,2020,07,HU35QE,1533,67,2087,2097,390,1451,52,0,363,21335
B81012,2020,07,DN313AE,497,11,916,930,140,582,77,0,98,7762
B81013,2020,07,DN146JD,1044,22,1453,1464,218,1082,17,0,211,14623
B81014,2020,07,YO164LZ,879,32,1576,1585,201,1227,68,0,227,16116
B81015,2020,07,DN357XE,2259,71,2892,2928,572,2440,97,0,548,32311
B81016,2020,07,DN311QZ,1172,41,1305,1333,269,991,25,139,241,15675
B81017,2020,07,HU31TY,2461,38,2296,2317,571,2012,125,24,635,28457
B81018,2020,07,HU69BS,1679,25,1854,1867,456,1700,106,5,422,21897
B81020,2020,07,HU74PT,1205,38,1563,1566,335,1212,29,0,285,16105
B81022,2020,07,DN163LG,2029,58,3543,3574,302,2205,131,0,456,31639
B81023,2020,07,DN311QZ,788,33,1073,1086,249,929,32,0,185,12602
B81024,2020,07,HU106BP,594,28,1240,1266,160,855,29,0,103,12941
B81025,2020,07,HU192PZ,5380,161,8660,8733,1319,6009,160,29,1150,85925
B81026,2020,07,DN162AB,2933,54,3964,3991,608,2948,277,0,634,42307
B81027,2020,07,HU34BB,1295,37,1929,1965,375,1464,39,0,246,18982
B81029,2020,07,DN149DY,1563,25,2466,2484,242,1504,46,1,444,22063
B81030,2020,07,DN333JF,1507,50,1999,2037,403,1763,44,0,336,24410
B81031,2020,07,DN344GB,1357,25,2433,2485,444,1698,55,0,220,22604
B81032,2020,07,HU13SA,919,10,580,584,175,435,26,129,194,8147
B81034,2020,07,HU175NL,1667,25,2476,2505,376,1718,108,0,261,25065
B81035,2020,07,HU53TJ,793,49,1207,1209,192,780,61,0,108,13039
B81036,2020,07,YO422BS,1894,28,2396,2420,453,1962,107,0,557,29734
B81037,2020,07,YO256EB,1731,50,3356,3381,382,2056,80,0,430,30054
B81038,2020,07,HU46RF,1485,44,1565,1579,342,1330,68,0,393,18864
B81039,2020,07,DN401JW,3616,72,5026,5086,811,3981,139,0,865,55098
B81040,2020,07,HU95HH,2342,51,2805,2834,712,2159,69,351,560,31818
B81041,2020,07,HU152UL,885,15,1430,1438,182,951,48,0,163,13457
B81042,2020,07,HU177BZ,2033,49,3162,3180,368,1966,106,0,517,28996
B81043,2020,07,DN91EP,1976,49,3087,3128,580,2340,66,0,430,34243
B81045,2020,07,DN162UT,2046,42,3048,3070,402,1962,79,0,380,29551
B81046,2020,07,HU69BX,1321,40,1970,1977,520,1507,32,0,331,20148
B81047,2020,07,HU31DS,928,27,1002,1013,196,856,26,0,206,12554
B81048,2020,07,HU52NT,7539,199,8973,9034,1670,5875,317,123,1550,94741
B81051,2020,07,HU178JW,996,55,1415,1448,222,1036,146,0,201,17705
B81052,2020,07,HU53QA,538,10,725,728,100,427,40,0,143,7400
B81054,2020,07,HU52ST,1425,42,1856,1865,388,1642,173,0,215,21396
B81055,2020,07,DN350LN,585,13,1092,1094,110,864,26,0,172,10039
B81058,2020,07,HU34BB,1107,45,1442,1455,359,1061,32,0,293,15653
B81060,2020,07,YO152AT,1165,16,1567,1585,248,1188,48,0,277,18088
B81061,2020,07,HU152JG,3231,68,5606,5641,893,3664,163,3,823,50340
B81063,2020,07,DN208NT,861,22,1566,1590,282,1014,31,0,229,14247
B81064,2020,07,DN157AN,1258,21,1830,1842,361,1707,41,0,354,19278
B81065,2020,07,DN173DR,1687,30,2812,2847,478,2158,60,0,306,26713
B81068,2020,07,DN146RU,2146,45,3679,3698,516,2511,99,0,534,33870
B81069,2020,07,YO164LZ,1631,46,2329,2343,365,1908,44,0,267,25605
B81070,2020,07,YO164LZ,1004,12,1257,1267,183,1028,74,0,294,14286
B81074,2020,07,HU92LR,884,37,1420,1435,310,1106,39,0,171,14120
B81075,2020,07,HU55BE,466,14,621,628,107,452,39,0,88,6904
B81077,2020,07,DN344GB,1104,38,1582,1664,347,1238,9,20,157,16839
B81082,2020,07,HU177JY,509,12,568,572,52,395,70,0,110,7582
B81085,2020,07,HU88JS,632,29,1120,1123,168,708,6,0,146,9457
B81087,2020,07,DN345DX,1491,13,1944,1975,383,1734,42,113,328,18799
B81088,2020,07,DN147DD,870,12,1556,1563,139,1114,41,0,167,14263
B81090,2020,07,DN157PG,532,6,868,877,148,823,47,0,106,9758
B81091,2020,07,DN344GB,291,7,519,531,99,379,0,0,27,5998
B81092,2020,07,YO256UH,1389,46,2320,2353,332,1258,70,0,326,23246
B81095,2020,07,HU67HP,441,34,1116,1124,141,871,18,0,127,9154
B81097,2020,07,HU93JA,191,6,389,390,83,264,11,0,28,3868
B81099,2020,07,DN214PQ,1617,51,2300,2317,361,1527,101,0,418,23927
B81100,2020,07,HU106QJ,512,10,886,889,129,622,84,0,131,9880
B81101,2020,07,HU170HB,2429,47,3252,3264,454,2284,232,29,631,36071
B81104,2020,07,HU52EG,340,8,229,231,38,149,6,0,155,2907
B81108,2020,07,DN312BH,519,5,636,643,87,507,66,96,105,8020
B81109,2020,07,DN208AS,2312,89,3478,3530,664,2545,85,9,332,33928
B81112,2020,07,HU74DW,1641,53,1635,1651,308,1378,47,30,229,18186
B81113,2020,07,DN162AB,1218,16,1614,1639,234,1255,87,0,253,16671
B81118,2020,07,DN171YH,933,20,1518,1535,279,1079,16,0,274,13024
B81119,2020,07,HU74DW,659,15,768,782,153,639,37,0,154,8694
B81606,2020,07,DN313AE,657,4,521,524,131,502,76,0,137,7629
B81616,2020,07,HU74DW,291,21,693,697,150,488,9,0,34,5754
B81617,2020,07,DN156HX,933,17,1287,1300,282,1100,55,0,201,13912
B81619,2020,07,HU139AJ,554,8,760,772,114,607,53,0,130,8118
B81620,2020,07,DN357DL,411,11,466,472,118,463,45,0,97,5356
B81628,2020,07,DN386HZ,500,10,1182,1195,209,731,42,0,76,8721
B81631,2020,07,HU75DD,476,4,1256,1263,225,865,10,48,56,9689
B81635,2020,07,HU114AR,517,46,1145,1152,176,944,44,0,94,9150
B81642,2020,07,DN350LN,455,11,881,886,128,772,18,0,72,8554
B81645,2020,07,HU93JA,601,10,875,877,140,753,15,0,122,7913
B81647,2020,07,DN185PU,442,8,632,636,164,497,11,0,73,6083
B81648,2020,07,DN403EL,317,21,588,592,117,398,18,0,26,4974
B81653,2020,07,HU164QX,776,13,1112,1120,148,896,25,2,174,11599
B81655,2020,07,DN364QG,248,3,281,284,64,263,7,0,28,3361
B81656,2020,07,DN345LP,1060,17,696,708,126,605,26,0,293,10604
B81658,2020,07,HU130RG,394,0,475,476,100,398,27,14,58,5725
B81663,2020,07,DN312BH,253,3,293,298,45,321,21,0,89,3720
B81664,2020,07,DN313AE,275,3,321,328,106,293,18,0,56,3835
B81665,2020,07,DN417JB,175,4,292,293,54,273,3,0,37,3076
B81666,2020,07,HU143DB,102,4,186,192,17,86,25,0,28,2163
B81675,2020,07,HU36BX,1531,19,1857,1866,301,1362,72,0,342,18923
B81677,2020,07,DN329SW,272,8,541,549,122,417,7,0,40,5502
B81688,2020,07,HU74DW,269,4,370,371,103,250,17,0,56,3863
B81697,2020,07,DN329EF,357,7,292,296,81,218,8,0,89,4079
B82002,2020,07,YO613JR,791,21,1213,1229,210,877,38,0,205,13202
B82004,2020,07,HG35AT,1082,41,2257,2267,385,1548,38,0,306,20038
B82005,2020,07,YO243WX,7078,188,6393,6421,1148,4472,256,1,2082,77332
B82007,2020,07,BD249JA,1078,49,2380,2389,265,1600,81,0,321,20379
B82008,2020,07,HG41HL,937,35,2006,2015,237,1262,36,2,257,17455
B82010,2020,07,HG42BE,859,26,1280,1288,184,823,34,0,201,12956
B82011,2020,07,YO178PH,783,20,1344,1348,271,796,36,0,245,12356
B82012,2020,07,HG28AY,1286,63,2375,2388,223,1738,63,0,386,22180
B82013,2020,07,HG15JP,2048,47,2924,2938,395,1906,176,0,575,28501
B82014,2020,07,HG27SA,578,18,795,798,131,578,27,0,179,8806
B82016,2020,07,HG15AR,643,10,672,675,93,504,56,0,170,8932
B82017,2020,07,YO211SD,2204,43,3438,3465,550,2460,119,5,499,33321
B82018,2020,07,YO196LE,751,17,1045,1050,169,790,19,0,233,9856
B82019,2020,07,YO73RP,289,2,565,574,94,378,5,0,77,4605
B82020,2020,07,BD207LG,1650,78,2693,2706,365,1949,48,0,453,26238
B82021,2020,07,YO244DB,742,14,786,797,159,769,61,0,239,10635
B82022,2020,07,TS96BL,570,29,1110,1113,129,717,16,1,156,10370
B82023,2020,07,DL107LD,1016,37,1284,1292,284,926,38,0,227,13368
B82024,2020,07,YO113LJ,1491,10,1424,1440,268,1072,73,7,391,18492
B82025,2020,07,YO179RF,2847,66,4200,4214,710,2982,147,0,806,44649
B82026,2020,07,YO322LL,4081,189,5732,5757,936,4294,178,0,1205,63582
B82027,2020,07,HG15AR,1418,46,1567,1575,171,1124,93,7,446,20253
B82028,2020,07,BD231EU,1349,72,1830,1838,263,1232,55,0,377,20458
B82029,2020,07,DL117TH,341,14,799,801,112,558,18,0,85,6967
B82030,2020,07,HG43SE,679,18,1470,1487,201,1105,17,6,159,12473
B82031,2020,07,LS256ED,1146,24,1474,1481,245,1101,56,0,469,16070
B82032,2020,07,YO519BD,1209,29,2013,2023,329,1452,64,0,393,19720
B82033,2020,07,YO188BL,1263,56,2760,2817,403,1749,90,0,344,24516
B82034,2020,07,DL104BB,845,32,1474,1477,193,1144,54,0,148,13737
B82035,2020,07,DL106HB,440,32,763,769,99,464,33,0,163,7234
B82036,2020,07,HG42AX,972,33,1482,1486,199,971,59,5,262,14473
B82037,2020,07,YO149AE,1434,39,2638,2657,418,1642,45,0,281,25026
B82038,2020,07,YO111UB,4191,96,4702,4747,842,3340,256,0,1114,55053
B82041,2020,07,YO89AJ,2027,67,2941,2964,546,2310,32,5,592,30673
B82042,2020,07,YO71LU,1158,46,1861,1877,245,1128,34,0,349,17630
B82044,2020,07,TS95DY,615,28,1144,1149,141,734,81,0,174,11725
B82045,2020,07,DL83QR,492,38,1031,1032,158,736,18,0,72,9623
B82046,2020,07,TS135AY,478,2,641,652,144,435,56,0,103,7448
B82047,2020,07,YO105LA,1002,24,623,637,116,390,43,0,432,8819
B82049,2020,07,YO71LG,936,24,1534,1551,209,1021,39,0,247,15029
B82050,2020,07,DL78FW,2866,78,4794,4826,779,3245,125,0,735,43941
B82053,2020,07,BD232HZ,1400,62,1818,1827,338,1506,73,0,368,19679
B82054,2020,07,YO126UB,1774,28,2985,3022,468,1750,132,0,433,30624
B82057,2020,07,YO268BN,566,18,1005,1008,138,704,18,0,169,9797
B82059,2020,07,HG14HG,1090,27,1395,1404,200,1150,96,0,323,16340
B82060,2020,07,HG50AD,1460,73,1751,1765,226,1315,112,0,359,20948
B82061,2020,07,LA27JP,877,45,1598,1603,259,1176,50,15,170,15491
B82062,2020,07,YO211TX,273,0,553,566,91,325,22,30,49,5091
B82063,2020,07,YO139JF,1305,71,2843,2852,385,1798,64,0,309,23824
B82064,2020,07,YO611QW,413,6,719,721,73,398,40,0,118,6424
B82066,2020,07,DL82AT,1139,38,2006,2031,368,1451,49,0,251,18512
B82067,2020,07,HG50JY,706,18,858,862,114,624,38,0,210,9752
B82068,2020,07,YO625HD,458,13,881,887,205,682,17,0,119,9130
B82069,2020,07,HG50UB,892,26,1598,1600,274,1011,67,0,327,14758
B82071,2020,07,YO233UA,681,38,893,900,148,727,38,0,178,10633
B82072,2020,07,DL104UJ,579,18,973,978,205,750,14,0,103,10186
B82073,2020,07,LS255AA,1543,39,2455,2469,471,1736,44,25,431,22615
B82074,2020,07,YO84QH,1995,42,1873,1891,377,1521,45,7,605,24217
B82075,2020,07,DL78AW,1281,32,2152,2160,421,1576,15,0,329,19346
B82077,2020,07,YO626AR,506,21,1050,1060,170,906,21,1,171,10408
B82078,2020,07,DL85EP,740,25,1549,1561,208,1070,23,0,125,12495
B82079,2020,07,YO611LL,360,9,756,760,92,582,18,0,63,6921
B82080,2020,07,YO325UA,2007,74,3075,3115,520,2211,53,0,631,31187
B82081,2020,07,YO414DY,980,116,1107,1110,205,986,45,0,278,14301
B82083,2020,07,YO244HD,4747,114,5594,5621,1039,3721,187,0,1530,57507
B82086,2020,07,YO212PA,370,4,491,504,64,381,17,0,115,5557
B82088,2020,07,YO127AS,1349,15,1790,1818,303,1315,25,2,421,18604
B82091,2020,07,HG15AR,623,23,722,731,103,510,62,1,171,8571
B82097,2020,07,YO84BL,943,5,986,990,220,740,18,0,286,12326
B82098,2020,07,YO17NP,1898,33,1642,1662,294,1145,91,6,585,20847
B82100,2020,07,YO243BZ,977,23,906,918,198,769,47,0,305,11721
B82101,2020,07,YO225DP,741,5,1496,1525,253,828,36,9,208,12785
B82104,2020,07,DL93JD,819,14,807,813,218,527,25,10,232,8945
B82105,2020,07,LS248HD,1115,22,1789,1795,327,1301,43,22,324,16284
B82106,2020,07,YO125SD,471,15,882,891,128,630,27,0,119,8357
B82609,2020,07,YO624EF,465,23,849,852,140,691,27,0,137,8462
B82619,2020,07,YO606PS,131,10,262,263,42,209,13,0,47,2647
B82622,2020,07,DL116SU,217,13,464,465,72,371,8,0,46,4702
B82628,2020,07,YO140NN,637,12,1096,1105,161,779,49,0,131,10828
B83002,2020,07,LS298TQ,348,24,634,639,46,417,26,0,87,6083
B83005,2020,07,BD37HZ,490,11,612,614,172,588,21,0,122,9113
B83006,2020,07,BD200DG,1511,30,2241,2250,303,1600,63,0,399,21704
B83008,2020,07,BD212JH,1182,17,1186,1194,325,1065,67,0,324,16494
B83009,2020,07,BD129NG,1341,74,1274,1277,152,1174,27,0,357,17159
B83010,2020,07,BD62DD,1365,36,1787,1797,139,1381,48,0,382,20706
B83012,2020,07,BD89PB,858,34,1226,1235,237,808,70,0,187,15429
B83014,2020,07,BD164RP,1146,46,1456,1456,137,986,59,0,324,17166
B83015,2020,07,BD49QA,1021,24,1079,1082,139,885,37,0,256,14342
B83016,2020,07,BD30HX,830,7,949,952,170,927,40,0,198,13988
B83017,2020,07,BD74PL,751,23,982,986,137,689,24,0,239,10887
B83018,2020,07,BD108RU,1487,51,1424,1427,166,1244,78,0,410,18692
B83019,2020,07,LS297HG,485,17,739,740,84,520,24,0,142,7727
B83020,2020,07,BD132GD,1247,54,1324,1330,217,1086,57,0,384,16053
B83021,2020,07,BD212LD,1512,13,1369,1375,293,1132,45,4,395,19727
B83022,2020,07,BD175NH,717,33,1223,1226,119,922,26,0,232,11694
B83023,2020,07,BD211SA,1133,21,1207,1213,305,992,47,1,299,15452
B83025,2020,07,BD50NX,232,0,503,504,158,502,17,0,59,6119
B83026,2020,07,BD30BS,379,3,642,646,183,624,15,0,87,8896
B83027,2020,07,BD228DH,1520,23,2056,2063,322,1554,70,0,408,19541
B83028,2020,07,BD61TD,1521,51,1791,1804,162,1323,70,0,482,21305
B83029,2020,07,BD120TH,1492,51,1809,1822,131,1406,37,0,310,19671
B83030,2020,07,BD133LG,1255,36,1701,1709,195,1279,44,0,372,17581
B83031,2020,07,BD163PA,302,13,476,480,47,369,8,0,94,4668
B83032,2020,07,BD38QH,292,1,534,538,163,611,14,0,62,5700
B83033,2020,07,BD211LA,1553,19,1352,1362,325,1018,77,0,421,19013
B83034,2020,07,BD73AH,353,2,1017,1018,344,866,24,0,113,11014
B83035,2020,07,BD73EG,956,28,1025,1029,353,858,57,0,201,15226
B83037,2020,07,BD150NJ,1489,50,2315,2322,208,1705,51,0,343,22567
B83038,2020,07,BD95PZ,1501,21,2155,2160,601,1742,65,0,396,25338
B83039,2020,07,BD181QB,3494,119,3799,3834,352,3387,95,0,888,44893
B83041,2020,07,BD47SS,1702,41,2109,2113,273,1789,38,0,483,24983
B83042,2020,07,BD47SS,1248,61,1369,1369,199,1263,38,0,308,16231
B83045,2020,07,BD146NF,1907,53,1893,1901,320,1643,49,0,555,24243
B83049,2020,07,BD146ES,625,27,845,845,82,793,5,0,210,8817
B83052,2020,07,BD89LB,1879,48,3298,3305,730,2548,71,0,479,35586
B83054,2020,07,BD109AZ,884,22,1117,1123,73,1016,58,0,205,13364
B83055,2020,07,BD73JX,3038,66,2949,2957,436,2513,85,0,897,36606
B83056,2020,07,BD23AA,1323,62,1709,1715,116,1607,52,0,306,19864
B83058,2020,07,BD38QH,489,11,742,747,280,642,9,0,78,9427
B83061,2020,07,BD227HN,337,14,487,488,75,398,4,0,108,4461
B83062,2020,07,BD100JE,1111,25,1213,1218,113,877,40,0,278,14195
B83063,2020,07,BD183EG,3951,118,4743,4751,688,3758,249,0,1050,56511
B83064,2020,07,BD21QG,1389,43,1372,1386,157,1312,57,0,363,17774
B83067,2020,07,BD164RP,669,23,749,754,97,591,54,0,194,10463
B83602,2020,07,BD213AU,321,1,697,703,315,678,10,0,74,8910
B83604,2020,07,BD88RA,159,2,330,330,76,321,3,0,64,4248
B83611,2020,07,BD38QH,553,8,872,879,202,759,26,0,152,9319
B83614,2020,07,BD88RA,407,3,602,603,184,608,30,1,81,8813
B83617,2020,07,BD89DW,145,3,271,272,66,247,5,0,41,3681
B83620,2020,07,LS290LZ,299,7,846,846,68,692,6,0,87,6144
B83621,2020,07,BD73EG,286,1,511,512,122,434,20,0,76,6036
B83622,2020,07,BD89LB,429,10,669,671,81,539,19,0,117,7662
B83624,2020,07,LS298TH,1517,69,2965,2978,308,1948,112,0,394,28278
B83626,2020,07,BD24RA,456,5,898,906,137,819,14,0,152,10204
B83627,2020,07,BD94LH,330,7,688,688,181,653,32,0,120,7518
B83628,2020,07,BD87RT,769,22,1212,1220,654,1085,62,0,189,12772
B83629,2020,07,BD24RA,392,2,522,524,120,486,20,0,103,5354
B83641,2020,07,BD89DP,356,4,985,985,444,940,5,0,79,10678
B83642,2020,07,BD89DW,243,8,491,493,126,449,15,0,81,6021
B83653,2020,07,BD50NX,763,6,1350,1355,324,1094,11,0,167,14400
B83657,2020,07,BD13LS,1452,2,382,384,86,351,32,0,251,8126
B83659,2020,07,BD72BL,150,1,270,271,106,344,11,0,45,4164
B83660,2020,07,BD88JT,840,5,1210,1217,351,1013,49,0,129,14718
B83661,2020,07,BD38QH,157,1,319,319,55,290,6,0,34,3872
B84001,2020,07,HX63AB,1248,23,1330,1341,168,895,49,0,388,15300
B84003,2020,07,HD61AT,1201,42,1299,1325,167,1001,21,0,286,16745
B84004,2020,07,HX77BZ,2114,75,2604,2618,302,1799,142,0,456,30140
B84005,2020,07,HX12HB,1255,88,1590,1604,283,1305,51,0,317,19023
B84006,2020,07,OL145RN,1495,45,2394,2433,349,1770,76,0,504,24480
B84007,2020,07,HX64BN,751,50,1020,1024,142,767,12,0,239,12010
B84008,2020,07,HX38AF,1666,102,2676,2686,374,2369,86,0,476,29447
B84009,2020,07,HX48BD,1314,51,1650,1654,244,1246,50,0,304,18639
B84010,2020,07,HX29LL,1492,35,1619,1631,274,1497,35,0,383,19298
B84011,2020,07,HD61AT,1928,67,2432,2463,433,1668,99,0,467,27973
B84012,2020,07,HX14JG,2368,80,2997,3008,1082,2691,36,0,501,34589
B84013,2020,07,HX20QL,1325,63,2041,2061,415,1614,40,0,368,19996
B84014,2020,07,HD63NA,495,27,775,785,145,526,29,0,109,8789
B84016,2020,07,HX59BA,1556,36,1829,1846,316,1599,33,0,407,19957
B84019,2020,07,HX12ES,2058,84,2453,2455,838,2007,39,0,554,28979
B84021,2020,07,HX13LW,1200,75,1341,1345,217,1118,87,0,333,16943
B84612,2020,07,HX15AX,1137,45,1277,1282,227,1289,14,0,295,15458
B84613,2020,07,HX28AL,1398,26,1117,1129,203,1014,59,0,380,15692
B84618,2020,07,HX28RQ,1636,34,1549,1553,217,1358,98,0,366,19297
B84623,2020,07,HD63HT,717,19,758,758,133,585,23,0,191,8875
B85001,2020,07,BD195AP,867,12,1115,1128,113,751,20,0,229,10901
B85002,2020,07,HD89JL,447,18,571,573,94,476,20,0,110,6300
B85004,2020,07,WF131HN,762,22,779,782,205,644,23,0,169,8968
B85005,2020,07,HD88DJ,623,25,1122,1141,153,767,24,0,189,10403
B85006,2020,07,HD93TR,1039,61,1394,1413,258,898,32,0,227,17291
B85008,2020,07,WF175ED,651,15,768,777,192,537,28,0,158,8194
B85009,2020,07,WF133JY,1256,57,1506,1524,329,1130,195,24,274,17450
B85010,2020,07,HD58DY,679,34,845,856,214,656,60,0,136,10816
B85012,2020,07,WF160HH,1640,39,1647,1664,308,1402,118,0,533,21308
B85014,2020,07,WF160HH,1418,57,2121,2150,425,1653,97,0,390,23054
B85015,2020,07,WF175DN,1389,26,1288,1296,172,757,144,2,418,16790
B85016,2020,07,HD13UP,1112,24,973,987,321,795,84,13,271,15209
B85018,2020,07,WF175SS,901,24,1266,1285,212,931,91,0,237,14553
B85019,2020,07,WF148DU,1789,62,2817,2838,233,1739,88,0,554,25624
B85020,2020,07,WF131HN,1278,15,1509,1511,228,1045,86,0,302,15578
B85021,2020,07,BD193RQ,1284,70,1938,1958,295,1441,49,0,238,19197
B85022,2020,07,HD96AG,848,48,1234,1253,159,952,50,0,248,13525
B85023,2020,07,HD58XW,614,33,658,668,98,499,35,2,146,10004
B85024,2020,07,HD59XP,1190,40,1478,1495,222,1168,79,0,282,17645
B85025,2020,07,WF179PL,1154,47,1265,1281,212,1030,54,0,408,16314
B85026,2020,07,HD80SJ,792,48,954,960,124,840,60,0,211,11211
B85027,2020,07,HD33DY,1023,36,1027,1047,170,733,62,1,285,13931
B85028,2020,07,HD22QA,2178,122,3117,3157,757,2238,125,11,470,36757
B85030,2020,07,BD195AP,1290,23,1190,1208,142,782,85,22,402,15444
B85031,2020,07,HD80HH,721,64,1047,1056,185,822,35,0,225,11573
B85032,2020,07,HD95QQ,653,21,738,745,71,522,39,7,136,8596
B85033,2020,07,HD33JD,411,41,670,675,69,401,28,0,99,6807
B85036,2020,07,HD34LB,1020,85,1013,1024,216,790,72,10,225,12869
B85037,2020,07,HD46JE,855,21,956,964,162,781,59,0,222,12039
B85038,2020,07,WF120DH,940,58,1018,1040,170,732,77,0,220,12046
B85041,2020,07,WF177PF,912,44,2001,2021,729,1548,68,0,194,21808
B85042,2020,07,HD14TS,935,34,841,844,213,706,71,23,277,12818
B85044,2020,07,HD13SB,167,1,213,213,112,172,12,0,34,3031
B85048,2020,07,HD21DH,622,12,498,499,176,443,20,0,120,7657
B85051,2020,07,HD74QQ,1191,68,1397,1410,218,1057,53,0,286,16447
B85054,2020,07,HD76DF,1412,50,1642,1657,211,1080,71,0,348,18156
B85055,2020,07,WF134HT,1073,14,1629,1639,908,1338,125,0,227,21084
B85058,2020,07,HD15PU,379,4,301,302,91,255,9,0,61,4088
B85059,2020,07,HD75AB,661,25,670,680,97,548,40,0,139,9246
B85060,2020,07,HD15PX,371,10,426,431,82,351,18,0,57,5693
B85061,2020,07,HD89DA,873,40,1150,1173,167,903,49,0,193,14346
B85062,2020,07,HD13AL,441,1,96,96,23,51,15,0,170,2459
B85606,2020,07,WF129DW,414,1,1016,1036,470,1085,20,0,57,10641
B85610,2020,07,HD93TP,993,16,1248,1262,178,870,53,0,260,14234
B85611,2020,07,HD21AE,438,8,601,609,267,584,1,0,115,7772
B85612,2020,07,WF156DF,591,7,793,798,123,588,35,0,163,8463
B85614,2020,07,HD22RU,522,17,883,886,381,655,12,0,126,10555
B85619,2020,07,WF169JG,393,17,544,553,144,400,47,0,64,6025
B85620,2020,07,WF127BD,213,7,454,462,72,355,10,0,80,4184
B85622,2020,07,WF175QT,440,5,496,500,72,397,9,10,128,6041
B85623,2020,07,HD14LE,303,3,473,476,159,335,14,0,62,5353
B85634,2020,07,HD22YD,184,0,311,316,89,219,7,0,80,3137
B85636,2020,07,HD14QR,362,12,336,346,76,324,41,0,62,5249
B85638,2020,07,HD33XA,389,5,406,410,64,339,13,0,100,5511
B85640,2020,07,WF179HE,383,9,354,356,54,289,23,0,75,4823
B85641,2020,07,HD13XH,598,27,594,597,126,540,40,0,115,8346
B85645,2020,07,WF129AY,143,0,356,361,165,254,3,0,21,3246
B85646,2020,07,WF132AJ,976,25,1245,1313,253,1033,14,0,213,13303
B85650,2020,07,WF133JY,279,3,352,355,104,276,20,0,55,4553
B85652,2020,07,WF129DU,577,6,858,871,355,855,35,0,98,11958
B85655,2020,07,WF175DH,336,19,451,463,130,354,50,0,70,5537
B85659,2020,07,HD14EW,243,0,115,115,35,95,13,26,67,1912
B85660,2020,07,HD58BE,810,31,664,676,114,437,37,0,226,9566
B86001,2020,07,LS279NB,279,12,429,436,113,354,14,0,83,4328
B86002,2020,07,LS118LH,1414,28,1747,1754,585,1432,51,0,361,21447
B86003,2020,07,LS123HD,2437,106,1941,1972,611,1690,138,0,703,28968
B86004,2020,07,LS167RX,819,19,793,799,148,669,62,0,212,11369
B86005,2020,07,LS115HT,480,9,741,742,216,608,53,0,133,8190
B86006,2020,07,LS268SZ,1511,54,1895,1903,309,1555,49,0,447,23399
B86007,2020,07,LS145JS,1428,55,1174,1184,388,1127,103,0,386,19212
B86008,2020,07,LS175DT,1956,109,2340,2371,443,1635,181,0,515,27180
B86009,2020,07,LS158BZ,742,46,1035,1041,222,838,31,0,193,13109
B86010,2020,07,LS225BQ,961,35,2341,2354,172,1746,71,0,291,21031
B86011,2020,07,LS287QR,619,17,1048,1059,238,729,11,0,183,10193
B86012,2020,07,LS118LH,1931,28,1760,1760,611,1496,40,0,491,24083
B86013,2020,07,LS176PZ,1438,43,1951,1965,672,1744,94,1,451,23126
B86014,2020,07,LS287DE,1563,84,1888,1896,249,1425,96,0,446,22096
B86015,2020,07,LS132UP,2163,78,2265,2277,532,1919,71,0,702,27821
B86016,2020,07,LS99EF,2236,60,2296,2310,542,2260,115,0,696,30987
B86017,2020,07,LS62RX,1161,64,1074,1081,371,1071,95,5,381,15330
B86018,2020,07,LS287XP,927,28,1245,1262,234,961,20,0,205,13539
B86019,2020,07,LS73DR,633,14,864,865,179,614,56,0,143,10737
B86020,2020,07,WF33SA,1324,64,1610,1620,343,1189,101,1,305,18968
B86022,2020,07,LS83BZ,1303,53,1564,1578,378,1542,64,0,325,21928
B86023,2020,07,LS177BE,325,26,623,625,114,575,60,0,90,6586
B86024,2020,07,LS121HU,1420,47,1809,1832,410,1490,33,0,356,20725
B86025,2020,07,LS61SG,1204,79,1103,1106,466,1154,82,23,353,14925
B86028,2020,07,LS279EW,587,27,899,900,146,703,40,0,178,9085
B86029,2020,07,LS213HD,493,14,713,716,104,468,14,0,148,7445
B86030,2020,07,LS62AF,1018,110,1191,1198,194,878,78,0,286,14940
B86032,2020,07,LS211BQ,1792,158,2793,2801,493,2224,161,0,422,29937
B86033,2020,07,LS226RT,1451,59,2583,2596,352,2112,64,0,447,25142
B86034,2020,07,LS236PY,628,26,935,942,100,701,42,0,183,10573
B86035,2020,07,LS102PT,1212,16,1433,1455,353,1194,32,0,307,17280
B86036,2020,07,LS257JN,925,20,1711,1725,277,1087,13,0,266,16806
B86038,2020,07,LS197PS,934,33,1107,1114,181,805,48,0,251,13024
B86039,2020,07,LS74LF,931,39,1275,1283,271,1009,33,1,236,14935
B86041,2020,07,LS53QT,841,21,636,638,121,523,53,0,210,9938
B86042,2020,07,LS103NB,2345,52,2501,2513,511,1815,214,0,617,27270
B86043,2020,07,LS99JD,1063,36,1276,1280,293,1223,47,0,241,15709
B86044,2020,07,LS166FR,1916,77,2369,2408,337,1666,85,0,589,29048
B86048,2020,07,LS251HB,1787,81,2496,2513,427,2149,77,0,567,27935
B86049,2020,07,LS62SF,815,35,1043,1059,229,781,47,0,201,12490
B86050,2020,07,LS285PL,2148,62,2649,2665,442,2179,70,2,731,28946
B86051,2020,07,LS197JN,1068,37,1422,1427,207,1028,43,0,353,15698
B86052,2020,07,LS208AR,707,82,1397,1414,142,1071,37,0,196,14458
B86054,2020,07,LS99EF,1190,20,1290,1309,386,1260,48,0,357,16035
B86055,2020,07,LS158BA,925,37,776,794,178,844,40,0,290,11821
B86056,2020,07,LS178AE,368,26,633,635,115,620,41,0,137,7068
B86057,2020,07,LS279NB,1996,47,2377,2397,466,2095,43,0,637,27816
B86058,2020,07,LS286DR,390,19,459,460,101,446,8,0,127,6092
B86059,2020,07,LS64JN,1686,68,1844,1868,370,1245,114,0,450,23209
B86060,2020,07,LS121JE,1022,78,1088,1091,227,900,101,0,276,16325
B86061,2020,07,LS84HQ,412,8,613,626,355,647,22,0,91,7712
B86062,2020,07,LS146DX,908,24,1705,1716,433,1395,32,0,316,17471
B86064,2020,07,WF31RQ,1368,21,1824,1840,367,1355,82,0,377,21286
B86066,2020,07,LS81AY,964,48,1306,1311,279,1097,58,5,239,17486
B86067,2020,07,LS279EN,2136,50,2305,2326,466,1881,89,3,570,27996
B86068,2020,07,LS53JN,1046,49,986,996,259,911,55,1,299,13988
B86069,2020,07,LS42EL,1026,59,854,863,239,811,48,0,336,12746
B86070,2020,07,LS197JN,482,19,775,781,151,679,15,0,109,8544
B86071,2020,07,LS125SG,776,14,579,583,90,445,36,0,191,9330
B86074,2020,07,LS184JY,367,15,507,512,98,450,31,0,139,5801
B86075,2020,07,LS159JH,1781,67,1770,1782,342,1544,103,2,492,23204
B86081,2020,07,LS96AU,1633,36,1929,1938,575,1532,57,6,418,22827
B86086,2020,07,LS63DS,621,25,523,537,103,396,13,0,248,7402
B86089,2020,07,WF102DP,683,35,949,952,182,717,25,0,162,10296
B86092,2020,07,LS257AB,840,17,1037,1038,200,835,78,0,200,12586
B86093,2020,07,LS141HX,631,25,635,641,160,570,17,0,183,8454
B86094,2020,07,LS289AP,682,35,705,717,189,650,28,0,129,8390
B86096,2020,07,LS102JJ,734,22,830,831,161,848,50,0,211,9882
B86100,2020,07,LS74HZ,706,61,1024,1031,312,718,20,0,226,11616
B86101,2020,07,LS277HL,505,20,646,661,158,608,25,0,145,7418
B86103,2020,07,LS85DE,165,5,285,291,170,292,3,0,62,3407
B86104,2020,07,LS132BL,1722,18,1544,1554,461,1395,69,0,523,21374
B86106,2020,07,LS146GG,653,7,728,733,195,519,9,0,205,9317
B86108,2020,07,LS74BB,254,3,546,548,208,436,19,0,72,5635
B86109,2020,07,LS63DS,562,18,443,452,81,371,36,0,208,6522
B86110,2020,07,LS29AE,858,0,26,26,11,16,14,0,503,3513
B86623,2020,07,LS85BS,119,0,386,389,151,278,1,0,45,3130
B86625,2020,07,LS226JS,402,23,737,741,113,559,27,0,94,7388
B86642,2020,07,LS102PE,401,4,437,439,106,397,27,0,135,4527
B86643,2020,07,LS85AN,207,0,604,608,430,541,4,0,52,6201
B86648,2020,07,LS158NN,159,7,309,310,56,252,14,0,28,3424
B86654,2020,07,LS84AA,346,34,735,738,164,602,12,0,150,7794
B86655,2020,07,LS134JH,128,10,340,341,72,307,14,0,31,2714
B86658,2020,07,LS251AN,1012,31,1422,1435,270,1062,47,0,242,15627
B86666,2020,07,LS73JT,399,17,875,875,440,900,34,0,74,9562
B86667,2020,07,LS118PN,673,4,599,606,157,579,24,0,149,7738
B86669,2020,07,LS98AA,400,0,85,86,28,80,20,241,84,2755
B86672,2020,07,LS125SG,906,42,860,863,125,676,60,0,213,10504
B86673,2020,07,LS236RN,420,8,841,860,149,600,15,0,173,6952
B86675,2020,07,LS97TA,610,16,637,648,212,637,27,0,223,8132
B86678,2020,07,BD111JU,279,15,682,690,125,523,4,0,94,5851
B87001,2020,07,WF44PA,1313,10,1948,1963,198,1488,62,0,360,18356
B87002,2020,07,WF45BY,1059,32,1302,1313,189,1007,71,0,302,15057
B87003,2020,07,WF77HZ,1289,14,1813,1825,171,1408,49,0,335,18742
B87004,2020,07,WF14PR,1064,20,1216,1221,267,1032,57,0,229,14450
B87005,2020,07,WF101PH,1453,23,1654,1658,194,1268,24,0,431,18268
B87006,2020,07,WF93AP,1891,34,2060,2088,357,1956,115,33,521,24794
B87007,2020,07,WF81NF,1677,34,1734,1739,280,1496,91,0,405,20946
B87008,2020,07,WF28FE,2326,30,2205,2218,436,2322,122,1,645,27416
B87009,2020,07,WF75HE,1192,10,1222,1226,186,937,46,10,253,13830
B87011,2020,07,WF81SU,1885,30,1826,1838,270,1787,104,0,582,24279
B87012,2020,07,WF15PN,856,11,1350,1356,272,1212,66,0,249,13775
B87013,2020,07,WF12PE,1284,29,1637,1650,208,1304,103,0,280,21005
B87015,2020,07,WF84PQ,1384,15,1171,1185,225,1075,105,0,270,16803
B87016,2020,07,WF92RD,4137,83,4945,4989,902,4058,303,92,975,53371
B87017,2020,07,WF11PG,2537,37,2863,2875,483,2132,184,98,629,33614
B87018,2020,07,WF104EN,1125,18,1078,1083,170,784,84,0,342,15073
B87019,2020,07,WF34HS,656,10,773,778,126,632,37,0,234,9645
B87020,2020,07,WF27GP,1070,21,1395,1404,186,1007,25,0,297,16508
B87021,2020,07,WF110JA,1981,31,2689,2703,371,1977,115,32,423,27926
B87022,2020,07,WF29PE,787,22,987,993,201,821,33,0,176,10647
B87025,2020,07,WF101DP,1183,31,1219,1232,265,1030,74,0,251,14571
B87026,2020,07,WF94DP,2805,27,3133,3149,507,2698,156,86,692,35839
B87027,2020,07,WF13JQ,1020,32,1472,1484,211,1042,96,0,237,16492
B87028,2020,07,WF41HJ,1376,17,2032,2048,206,1468,91,0,321,20196
B87030,2020,07,LS269AA,4298,53,4613,4652,517,3911,108,28,1197,55499
B87031,2020,07,WF58DF,1289,46,1440,1448,201,1125,69,0,406,17609
B87032,2020,07,WF76JL,923,19,976,1001,197,773,32,12,226,12390
B87033,2020,07,WF61QD,555,5,645,652,153,608,39,0,123,7048
B87036,2020,07,WF93AP,529,10,608,610,92,637,92,0,96,8236
B87039,2020,07,WF62AZ,2180,41,2084,2097,281,1740,111,0,661,25964
B87040,2020,07,WF58DF,886,17,981,988,87,860,63,0,255,11119
B87041,2020,07,WF62BU,307,0,502,505,43,332,13,0,81,4333
B87042,2020,07,WF102QP,902,4,871,872,175,730,34,34,213,10029
B87044,2020,07,WF20DP,413,1,523,536,34,511,19,0,121,5811
B87600,2020,07,WF62BU,316,2,529,532,73,418,1,0,72,4825
B87602,2020,07,WF62JZ,289,6,548,549,48,351,13,0,50,4551
B87604,2020,07,WF14SD,356,6,338,341,46,312,23,0,81,3949
C81001,2020,07,S434PL,1713,32,2230,2239,350,1275,62,2,388,21510
C81002,2020,07,S214BZ,1957,95,3176,3186,421,1990,61,2,565,29202
C81003,2020,07,SK224BP,866,26,1485,1512,162,1014,47,0,205,15011
C81004,2020,07,DE53TH,1206,25,1374,1384,164,910,81,0,442,16627
C81005,2020,07,DE551LU,2241,51,1929,1946,273,1587,143,0,552,27578
C81006,2020,07,DE11TH,1878,24,2082,2102,328,1594,69,0,393,23497
C81007,2020,07,DE11FW,817,19,1010,1010,162,787,37,0,195,11330
C81008,2020,07,S459NR,1981,47,2147,2156,342,1664,78,1,467,23760
C81009,2020,07,DE11PG,1369,21,1357,1365,241,922,24,0,328,15377
C81010,2020,07,NG101QQ,1486,29,1724,1730,263,1094,119,0,340,18490
C81012,2020,07,S402AB,2253,65,2122,2127,247,1579,121,1,635,26004
C81013,2020,07,DE451SP,679,22,1168,1172,170,786,54,1,217,10697
C81014,2020,07,DE216AT,1154,16,1276,1289,203,984,69,0,380,15588
C81015,2020,07,S418DU,1401,39,1331,1340,160,866,155,16,338,16953
C81016,2020,07,DE451ED,1179,27,2053,2072,238,1346,51,0,244,18261
C81017,2020,07,DE76AX,1353,38,1780,1786,320,1400,53,0,347,18266
C81018,2020,07,DE65HY,1100,20,2098,2113,390,1482,65,0,197,19597
C81020,2020,07,DE110HU,1026,9,1244,1250,220,932,38,0,270,14386
C81021,2020,07,DE78ES,2002,47,1911,1915,308,1689,134,0,439,22465
C81022,2020,07,DE75PZ,411,15,419,419,67,314,73,0,114,5306
C81023,2020,07,NG101RY,844,19,882,890,96,639,68,0,202,10995
C81025,2020,07,S181PY,1596,57,2024,2060,249,1523,70,0,452,20310
C81026,2020,07,NG105HZ,626,16,742,746,136,619,13,0,139,8909
C81027,2020,07,DE554JJ,1032,17,791,794,137,547,55,0,248,11122
C81028,2020,07,DE43NL,727,25,903,924,72,599,57,12,186,11154
C81029,2020,07,DE555PS,3112,75,4039,4068,652,2306,112,1,907,38867
C81030,2020,07,DE42EU,1174,28,2074,2080,312,1600,49,0,364,19049
C81031,2020,07,DE757DX,1002,14,1027,1031,155,791,60,23,228,12132
C81032,2020,07,DE110PP,1601,22,1658,1668,184,1382,88,2,447,21612
C81033,2020,07,NG208DG,3191,83,3100,3115,568,2484,147,0,908,36700
C81034,2020,07,SK176JP,1113,41,1052,1061,176,748,69,0,353,14440
C81035,2020,07,DE238AL,1233,19,1544,1557,220,1066,46,0,336,17362
C81036,2020,07,DE11DZ,441,9,529,534,96,303,30,0,108,5718
C81037,2020,07,DE61DR,930,11,1703,1709,119,1105,70,0,261,14325
C81038,2020,07,DE560JB,1219,31,1669,1684,169,1162,45,13,344,16814
C81039,2020,07,S325QH,388,13,887,900,109,536,4,0,118,6807
C81040,2020,07,DE222DS,388,14,743,751,75,426,52,0,86,7757
C81041,2020,07,S446DF,2441,53,2405,2420,371,1762,161,0,704,28973
C81042,2020,07,DE30HA,801,31,1264,1275,194,809,72,0,224,13285
C81044,2020,07,S418NA,1464,34,1425,1430,225,1090,102,0,462,16049
C81045,2020,07,S404AA,2063,73,2199,2211,373,1522,171,11,646,24165
C81046,2020,07,DE76GR,674,31,1189,1197,164,828,4,0,154,9796
C81047,2020,07,DE240GE,1185,56,1828,1834,170,1251,60,0,287,18903
C81048,2020,07,DE564GG,820,37,1291,1299,111,790,31,0,227,12868
C81049,2020,07,DE757HA,1377,36,1382,1400,184,921,89,0,354,16256
C81050,2020,07,DE552AA,1581,23,2334,2351,300,1724,26,0,491,22074
C81051,2020,07,DE216LA,2162,43,1943,1950,210,1518,61,0,618,27710
C81052,2020,07,DE757AL,1156,23,863,866,124,561,64,0,327,12493
C81053,2020,07,DE557AH,1266,15,1105,1106,173,681,58,31,362,13754
C81054,2020,07,DE233TX,1503,31,1803,1809,440,1300,119,0,432,21382
C81055,2020,07,S425ND,676,12,677,684,145,560,56,0,180,9027
C81056,2020,07,S459NG,1472,27,1696,1698,346,1445,98,0,387,18985
C81057,2020,07,DE656QT,702,9,1054,1062,108,700,43,0,169,10714
C81058,2020,07,S431JG,1545,46,1471,1474,249,1220,57,0,441,18091
C81059,2020,07,DE53HR,654,10,735,738,93,475,34,9,164,8321
C81060,2020,07,DE117JE,846,6,972,977,161,849,44,0,232,12121
C81061,2020,07,DE75PR,1613,26,1570,1582,237,1278,109,9,385,18915
C81062,2020,07,DE44JG,776,14,878,879,98,721,33,4,241,10498
C81063,2020,07,SK230RH,1177,34,1641,1660,179,1154,94,0,347,17436
C81064,2020,07,DE222QN,1099,40,1201,1209,130,744,103,0,253,15351
C81065,2020,07,SK179BZ,846,28,855,869,149,705,52,0,300,10715
C81066,2020,07,DE723HG,996,32,1136,1139,131,717,51,0,245,13601
C81067,2020,07,S403PY,831,30,1113,1118,97,749,59,1,215,12328
C81068,2020,07,DE217RJ,1083,30,1242,1251,174,1012,59,0,336,14624
C81069,2020,07,DE561AY,1158,30,1411,1421,210,810,61,0,318,15787
C81070,2020,07,S182EJ,640,24,1296,1304,125,775,19,0,131,10594
C81071,2020,07,DE238JX,1509,46,1807,1816,317,1183,43,1,411,19225
C81072,2020,07,DE238RJ,2183,57,2124,2134,449,1473,82,0,455,26480
C81073,2020,07,DE11JX,1218,35,1296,1301,144,1031,34,0,338,16438
C81074,2020,07,SK179AY,1010,34,1249,1278,166,897,42,0,309,14411
C81075,2020,07,DE63BX,565,24,1367,1375,144,868,57,0,174,10814
C81077,2020,07,SK137DE,449,7,681,693,81,468,25,0,123,6221
C81080,2020,07,SK237SR,972,42,1665,1677,261,1320,43,0,307,16205
C81081,2020,07,SK138PS,1364,12,1837,1861,206,1194,26,0,404,21090
C81082,2020,07,SK170AQ,408,15,899,917,74,703,15,0,98,7253
C81083,2020,07,NG101RY,1268,27,1353,1355,210,964,101,0,376,14834
C81084,2020,07,S401LE,2738,63,2355,2367,294,1933,162,18,702,30781
C81086,2020,07,DE61RR,978,40,1699,1719,218,1311,53,0,229,14387
C81087,2020,07,DE240RY,1450,23,1254,1258,272,949,113,0,341,15648
C81089,2020,07,S188QY,600,14,1088,1091,114,780,41,0,186,10498
C81090,2020,07,DE75PZ,533,14,508,510,52,389,14,0,145,6037
C81091,2020,07,S211DX,1696,21,1777,1784,280,1136,38,0,426,19780
C81092,2020,07,S336RJ,662,23,1272,1276,148,915,57,2,212,11897
C81094,2020,07,DE45PB,860,28,1425,1435,167,1040,40,0,200,13402
C81095,2020,07,S213TY,553,8,812,821,107,639,33,0,112,8076
C81096,2020,07,S804DY,824,47,1077,1080,172,759,82,3,207,11973
C81097,2020,07,NG104NP,599,12,700,701,83,511,41,0,113,8017
C81099,2020,07,DE557DW,1284,17,1787,1806,298,1165,37,0,373,16630
C81101,2020,07,DE43FD,1077,31,1090,1107,129,839,94,0,226,13851
C81106,2020,07,SK131DJ,851,12,922,932,130,645,10,0,198,9348
C81108,2020,07,DE738EF,1140,36,1556,1564,152,1079,47,0,292,16386
C81110,2020,07,DE655GZ,1355,43,1584,1593,173,1088,59,0,315,16959
C81113,2020,07,DE39BJ,444,15,634,643,74,418,31,0,144,6756
C81114,2020,07,DE119JT,1177,5,1168,1170,102,829,56,0,321,13207
C81115,2020,07,DE75QS,671,8,715,719,92,495,44,0,142,8519
C81118,2020,07,DE236QQ,441,9,1005,1011,467,981,14,0,117,12102
C81604,2020,07,DE75AN,348,5,382,382,60,329,16,0,88,4898
C81611,2020,07,S450BA,276,14,531,532,111,342,32,0,90,5010
C81615,2020,07,SK136EQ,406,4,350,352,76,301,36,0,165,4504
C81616,2020,07,DE238NQ,253,5,644,644,198,511,16,0,24,6865
C81634,2020,07,SK224AQ,524,6,502,515,73,364,44,7,140,6389
C81638,2020,07,S446PP,812,8,755,763,84,620,39,0,238,8354
C81640,2020,07,SK136NN,425,6,632,637,99,468,18,0,93,6127
C81642,2020,07,NG103RJ,537,3,525,525,74,340,59,12,170,5605
C81647,2020,07,S425LH,957,40,996,1010,143,815,56,2,294,11716
C81649,2020,07,S431DD,1263,20,1259,1271,196,927,66,2,397,14425
C81652,2020,07,DE13AZ,385,2,361,369,47,294,28,0,100,4809
C81653,2020,07,DE221FT,380,22,399,401,30,288,28,0,106,4681
C81655,2020,07,S446DE,704,21,726,738,168,644,29,2,189,9141
C81658,2020,07,S426PX,720,27,1180,1182,142,853,32,0,205,10199
C81660,2020,07,SK131DS,415,5,546,548,67,380,8,0,174,5310
C81661,2020,07,DE555JJ,586,14,769,771,128,544,24,1,150,6928
C81662,2020,07,S434TY,1062,26,1245,1252,226,916,66,2,319,13903
C82001,2020,07,LE80LG,2815,78,4575,4591,364,3430,169,1,895,41794
C82002,2020,07,LE85QJ,829,15,1156,1160,126,756,69,3,242,12286
C82003,2020,07,LE43JF,1187,75,2302,2312,323,1529,66,1,288,19991
C82005,2020,07,LE39ED,1052,23,1415,1425,219,1008,93,0,233,13537
C82007,2020,07,DE742LB,1047,22,1218,1224,175,803,54,0,311,13990
C82008,2020,07,LE38NF,1253,17,1158,1165,227,831,108,0,315,14922
C82009,2020,07,LE169BX,3559,124,5342,5392,807,3833,264,1,931,53456
C82010,2020,07,LE156NT,2135,106,3574,3620,506,2463,140,0,460,32596
C82011,2020,07,LE111DQ,1213,21,1208,1220,219,859,72,0,277,15288
C82012,2020,07,LE676JP,1384,36,2331,2344,317,1372,39,2,384,19392
C82013,2020,07,LE182EW,1205,26,1594,1607,236,1119,62,0,374,17330
C82014,2020,07,LE652LP,2018,34,3500,3526,467,2297,149,1,504,29147
C82016,2020,07,LE144PA,910,36,1378,1394,216,996,52,4,163,13390
C82017,2020,07,DE127HR,1822,30,2683,2713,384,1649,114,24,426,25878
C82018,2020,07,LE40JF,1377,25,2976,2985,728,2444,147,0,254,29391
C82019,2020,07,LE29DB,904,22,1181,1186,187,861,87,0,202,12265
C82020,2020,07,LE27HX,1030,12,481,487,86,332,69,0,363,7700
C82021,2020,07,LE25AA,693,33,1190,1196,146,870,79,0,209,12143
C82022,2020,07,LE79AJ,572,13,1562,1572,191,825,59,1,156,11709
C82024,2020,07,LE53HX,687,16,2875,2883,1066,2504,59,0,140,28644
C82025,2020,07,LE174EB,1042,18,1528,1532,157,1046,78,0,271,15102
C82026,2020,07,LE111NQ,1109,27,961,969,181,654,122,4,273,13326
C82027,2020,07,LE94LJ,1030,26,1593,1605,297,1353,47,1,277,15356
C82028,2020,07,LE679WU,779,19,1583,1599,198,1021,47,0,203,14239
C82029,2020,07,LE52NL,1597,45,2298,2311,443,1916,178,2,423,24604
C82030,2020,07,LE56LP,387,27,996,998,243,792,34,0,65,10376
C82031,2020,07,LE20AS,920,17,1719,1726,543,1418,65,0,240,18035
C82032,2020,07,LE77AZ,695,13,910,921,109,623,32,0,128,9135
C82033,2020,07,LE50PR,1108,32,1497,1508,391,1000,84,0,277,16964
C82034,2020,07,LE128BP,738,33,1127,1135,73,652,57,1,152,10890
C82035,2020,07,LE112AG,935,9,987,994,152,568,136,0,210,11168
C82037,2020,07,LE55FD,462,30,1940,1945,710,1601,38,0,47,18566
C82038,2020,07,LE131NX,3287,139,3930,3957,496,2788,174,78,734,45320
C82039,2020,07,LE32JN,1396,23,2701,2711,412,1795,88,0,419,21464
C82040,2020,07,DE742EL,803,25,1276,1278,137,855,33,0,166,11156
C82041,2020,07,LE115DX,1651,32,2001,2005,329,1467,114,0,498,22230
C82042,2020,07,LE72EQ,1175,39,1905,1910,251,1338,95,0,263,19812
C82043,2020,07,LE101UA,1538,30,2731,2752,282,1622,104,0,450,22396
C82044,2020,07,LE158PR,851,12,1544,1554,121,1046,43,0,242,14181
C82045,2020,07,LE673FA,946,11,862,880,139,667,37,0,260,10269
C82046,2020,07,LE26UL,2754,34,2496,2508,471,1797,229,48,785,31120
C82047,2020,07,LE101DS,1985,37,2228,2249,239,1643,177,0,625,23362
C82048,2020,07,LE25PP,248,15,658,662,92,321,31,0,54,6023
C82050,2020,07,LE674DR,1865,24,2947,2962,400,1894,50,2,508,25072
C82051,2020,07,LE99PZ,1635,86,2746,2754,390,1966,68,0,445,24962
C82052,2020,07,LE675HX,493,4,789,794,155,544,21,0,125,6871
C82053,2020,07,LE31HN,1513,20,1542,1546,322,1248,77,5,419,18092
C82054,2020,07,LE102SE,1496,47,2372,2386,267,1773,88,0,483,21862
C82055,2020,07,LE192DU,1269,24,1900,1905,238,1210,114,0,418,20146
C82056,2020,07,LE38GS,1234,30,2061,2073,269,1434,81,0,292,20559
C82059,2020,07,LE30QR,146,0,224,224,43,159,5,0,32,1923
C82060,2020,07,LE55AY,187,3,550,550,265,469,17,0,34,5587
C82061,2020,07,LE98HR,2049,22,2214,2228,402,1696,118,0,518,23921
C82062,2020,07,LE128PY,710,20,1015,1022,25,618,74,0,208,10743
C82063,2020,07,LE54BP,893,19,1447,1450,380,1010,54,0,214,15712
C82064,2020,07,LE129DF,1882,44,2158,2173,269,1528,140,17,512,23566
C82066,2020,07,LE33FN,1378,55,2255,2260,273,1635,136,0,372,22066
C82067,2020,07,LE24PE,530,22,1214,1221,173,772,20,0,172,10840
C82068,2020,07,LE84NS,1146,34,2267,2279,239,1576,65,2,329,19768
C82070,2020,07,LE111NH,920,20,1040,1048,235,714,75,6,227,12327
C82071,2020,07,LE182EW,1184,30,2047,2061,287,1212,117,1,341,19577
C82072,2020,07,LE674DE,939,15,982,992,121,689,54,0,202,11735
C82073,2020,07,LE31BL,1731,37,2166,2169,413,1375,162,1,355,22304
C82075,2020,07,LE101DS,1445,25,2199,2224,304,1502,46,0,444,20106
C82076,2020,07,NG130AN,803,27,1790,1792,224,1056,68,0,193,15306
C82077,2020,07,LE159EG,1452,57,2930,2939,403,1944,71,1,331,22802
C82078,2020,07,LE72EQ,1159,28,1635,1640,205,1167,42,0,389,16028
C82079,2020,07,LE184SE,767,25,960,968,139,567,49,21,213,11138
C82080,2020,07,LE20TA,294,2,664,669,309,569,30,0,68,6383
C82082,2020,07,LE101DS,733,15,1374,1376,179,788,50,1,214,10611
C82084,2020,07,LE46NL,125,4,491,492,191,416,5,0,43,3863
C82086,2020,07,LE35RR,899,13,1519,1523,335,1089,73,0,287,12088
C82088,2020,07,LE21QA,469,10,1698,1704,572,1331,22,0,92,13028
C82091,2020,07,LE44EE,1067,52,1622,1631,243,1169,110,0,278,14890
C82092,2020,07,LE28SF,308,2,700,702,99,482,14,0,64,5105
C82093,2020,07,LE96RG,1842,25,3423,3445,422,2102,133,1,509,26955
C82094,2020,07,LE40QR,882,13,883,884,230,592,128,0,156,9884
C82095,2020,07,LE127JU,1256,31,1464,1481,183,1208,91,0,288,16276
C82096,2020,07,LE672BS,1154,11,1451,1464,194,957,40,0,356,13459
C82097,2020,07,LE127DJ,118,4,206,206,57,125,1,0,39,1922
C82098,2020,07,LE84DN,848,22,1181,1189,124,847,54,0,286,11550
C82099,2020,07,LE21DJ,187,6,665,667,247,529,17,0,29,6123
C82100,2020,07,LE29BU,1195,29,1051,1057,195,758,143,5,352,12040
C82102,2020,07,LE129UJ,428,9,880,904,134,508,28,1,93,7317
C82103,2020,07,LE114RZ,1012,9,1450,1452,299,1170,74,0,264,14101
C82107,2020,07,LE46AW,790,12,1718,1723,691,1520,62,0,176,16333
C82109,2020,07,LE176PU,480,23,966,976,108,650,15,0,114,7877
C82111,2020,07,LE113TU,339,0,55,55,16,41,7,0,174,1722
C82112,2020,07,LE24NW,273,10,764,769,174,552,26,0,59,7338
C82114,2020,07,LE30QD,212,0,372,379,94,200,35,0,42,3244
C82116,2020,07,LE20NN,241,1,525,527,194,382,18,0,47,5013
C82119,2020,07,LE30PE,198,1,532,538,155,361,19,0,62,4043
C82120,2020,07,LE675HX,392,6,508,514,73,296,19,0,63,5000
C82121,2020,07,LE97PB,1977,51,3025,3041,408,2313,120,0,573,28258
C82122,2020,07,LE23AG,332,11,685,685,96,461,38,0,115,6495
C82124,2020,07,LE21XD,809,17,451,453,69,341,34,0,347,6404
C82600,2020,07,LE127RD,719,8,861,870,112,558,73,0,158,8742
C82610,2020,07,LE39PW,363,3,408,412,113,293,22,0,97,4530
C82611,2020,07,LE174EB,627,9,1011,1011,120,646,38,0,172,8490
C82614,2020,07,LE26FQ,292,11,712,713,133,527,8,0,69,5963
C82620,2020,07,LE30AA,151,1,423,423,172,294,3,0,17,3829
C82623,2020,07,LE41EF,452,15,644,645,156,431,22,0,92,6148
C82624,2020,07,LE40UZ,815,23,824,831,200,631,87,6,226,9210
C82626,2020,07,LE29BU,262,3,392,393,113,326,34,0,59,4051
C82627,2020,07,LE48NN,555,32,1434,1449,275,1022,24,0,139,10887
C82628,2020,07,LE60GL,349,6,716,723,90,539,17,0,108,5243
C82631,2020,07,LE194LY,629,10,651,652,107,392,44,5,186,7153
C82634,2020,07,LE60JP,494,5,742,743,89,508,34,0,141,5710
C82639,2020,07,LE30LP,854,12,1274,1281,294,1055,81,0,252,12976
C82642,2020,07,LE53GH,553,8,1479,1481,718,1341,32,0,117,13187
C82643,2020,07,LE20GU,705,18,2136,2143,1050,1784,60,0,159,19436
C82644,2020,07,LE127UD,589,13,899,908,105,523,38,2,141,7661
C82649,2020,07,LE157PP,608,5,1030,1041,127,710,26,0,160,9350
C82650,2020,07,LE99GR,588,38,737,738,77,476,68,0,219,7743
C82651,2020,07,LE46NF,151,2,817,819,366,806,12,0,35,5585
C82653,2020,07,LE30QR,221,7,210,210,69,162,9,0,39,2106
C82656,2020,07,LE129AL,531,10,569,569,148,397,47,0,78,5892
C82659,2020,07,LE20TA,91,0,505,505,223,359,16,0,22,3311
C82660,2020,07,LE20TA,546,11,1032,1032,297,808,39,0,129,10135
C82662,2020,07,LE27LE,335,3,456,457,167,325,28,0,98,4736
C82667,2020,07,LE53GH,626,20,1059,1061,341,838,71,0,130,11091
C82669,2020,07,LE28PR,417,4,628,631,98,475,39,0,93,5357
C82670,2020,07,LE14SX,477,0,83,89,35,88,15,99,59,2373
C82671,2020,07,LE46AW,109,0,796,797,447,661,14,0,16,5452
C82676,2020,07,LE51DR,683,11,639,644,193,493,164,4,160,9644
C82678,2020,07,LE48EA,736,17,1419,1421,330,1062,42,1,97,13533
C82680,2020,07,LE47ZX,399,20,945,945,237,700,46,0,98,9052
C83001,2020,07,LN57LB,1623,14,1596,1600,382,1118,199,3,425,16782
C83002,2020,07,LN50JJ,1170,58,1615,1622,236,1327,94,0,241,17472
C83003,2020,07,PE111UN,2721,150,4180,4219,973,2742,183,0,723,39975
C83004,2020,07,PE218UE,1022,24,1422,1437,204,1024,157,0,259,15839
C83005,2020,07,PE235LG,1400,96,2065,2073,400,1552,79,0,289,20680
C83007,2020,07,PE91YA,4399,149,6146,6194,1072,4115,401,0,1004,60950
C83008,2020,07,NG317XT,968,14,1303,1313,144,953,31,0,206,11867
C83009,2020,07,LN22JP,1887,57,1675,1691,256,1597,145,1,446,21355
C83010,2020,07,PE216PF,1352,47,1841,1858,244,1340,147,0,273,20543
C83011,2020,07,NG349QP,1492,39,2257,2261,331,1709,72,0,302,20483
C83013,2020,07,NG349GQ,1234,43,2290,2293,295,1720,61,0,225,19331
C83014,2020,07,LN67SS,1671,72,1763,1776,346,1431,181,1,462,20279
C83015,2020,07,PE203JE,1687,56,2557,2570,468,1780,189,0,323,25022
C83018,2020,07,DN212UQ,2912,106,3112,3133,387,2614,451,0,765,34755
C83019,2020,07,PE252RN,4476,130,7145,7203,1134,5492,221,0,790,72445
C83020,2020,07,NG323PP,1222,73,2968,2970,468,2162,87,0,173,24197
C83022,2020,07,PE112BY,3776,145,4626,4705,1012,4198,46,0,1289,48117
C83023,2020,07,NG347HD,2629,68,3978,3993,708,3261,159,0,787,37785
C83024,2020,07,NG334RZ,428,10,893,898,125,775,28,0,83,7824
C83025,2020,07,LN69AY,2759,92,3747,3758,533,2828,184,0,543,36955
C83026,2020,07,PE68DD,3198,112,5685,5727,1043,4146,219,0,961,52375
C83027,2020,07,LN96AL,1582,56,2237,2248,400,1712,124,0,359,24278
C83028,2020,07,PE127EE,1305,35,2222,2247,470,1588,224,0,281,21806
C83029,2020,07,LN41LH,818,35,1536,1537,205,1025,57,0,176,12985
C83030,2020,07,LN44AU,1079,23,1309,1319,352,1159,76,0,234,16245
C83031,2020,07,LN22RS,2106,117,3036,3074,491,2840,83,0,560,33827
C83032,2020,07,LN139HT,1136,43,1796,1804,291,1372,123,0,151,19903
C83033,2020,07,DN209ED,666,7,1107,1127,165,901,41,0,130,11467
C83035,2020,07,PE109XR,1690,36,2696,2712,444,1681,109,0,329,25850
C83036,2020,07,PE114NL,1960,58,2579,2621,561,2241,84,0,681,27224
C83037,2020,07,LN23JH,1287,50,2277,2288,230,1488,91,0,371,19638
C83038,2020,07,LN12NU,1273,53,2111,2135,304,1476,75,0,208,18522
C83039,2020,07,PE126QB,893,10,1074,1092,350,1325,76,0,240,15759
C83040,2020,07,NG316QA,2513,76,4685,4702,843,3560,103,0,438,41721
C83041,2020,07,LN60QQ,1113,42,1159,1172,199,1011,84,0,242,14496
C83042,2020,07,LN117QU,1174,45,2162,2199,302,1655,110,0,281,22722
C83043,2020,07,LN83BP,1848,77,2696,2709,105,1828,129,0,500,27257
C83044,2020,07,DN212DJ,2331,76,2078,2105,390,1836,156,0,712,27237
C83045,2020,07,PE253TD,2821,78,3591,3628,285,2380,248,1,652,39395
C83046,2020,07,LN42LA,910,19,1098,1101,196,822,74,2,147,11883
C83048,2020,07,NG316HR,1807,44,1968,1981,310,1424,82,7,428,22198
C83049,2020,07,PE229LE,1126,82,2356,2357,431,1624,74,0,14,20205
C83051,2020,07,LN25HR,1113,9,1109,1119,191,903,156,1,232,12147
C83052,2020,07,LN12XF,472,8,856,865,122,647,42,0,65,8094
C83053,2020,07,NG335NJ,227,10,638,648,101,396,5,0,55,4526
C83054,2020,07,PE109BT,1900,48,2577,2650,523,1927,75,0,550,26815
C83055,2020,07,PE228AA,1019,20,1592,1602,359,1262,161,0,190,16886
C83056,2020,07,LN119EH,3033,124,3432,3450,430,2529,299,0,716,39252
C83057,2020,07,PE201DS,1230,19,1364,1371,373,1037,105,5,342,16691
C83058,2020,07,LN41BN,1023,67,1655,1667,138,1266,80,0,210,17490
C83059,2020,07,PE216JU,1406,30,1535,1546,210,1219,137,0,366,18604
C83060,2020,07,PE218EG,1802,29,2676,2691,429,1946,157,0,364,26044
C83061,2020,07,DN365RT,1573,87,2228,2256,291,2041,56,0,208,24487
C83062,2020,07,LN43EZ,765,25,1048,1054,163,782,106,0,142,11952
C83063,2020,07,PE129HB,3516,97,4543,4652,1013,3631,434,0,843,49303
C83064,2020,07,LN121DP,4301,146,6002,6057,969,4743,329,0,794,66622
C83065,2020,07,PE127DE,1182,30,2008,2024,445,1610,107,0,228,18615
C83067,2020,07,NG235FR,644,19,1504,1507,225,1100,39,0,176,13090
C83071,2020,07,LN68RT,1480,61,1921,1936,239,1210,98,0,285,17351
C83072,2020,07,LN22JP,1776,78,1651,1652,203,1366,198,0,415,19759
C83073,2020,07,LN13LJ,931,14,809,812,126,622,128,0,256,9659
C83074,2020,07,DN215JZ,936,23,1472,1473,184,975,69,0,182,13162
C83075,2020,07,NG316RQ,1202,30,1675,1688,204,1136,70,0,314,15790
C83078,2020,07,LN59AB,1671,45,2087,2095,232,1674,121,0,310,19507
C83079,2020,07,LN24QN,744,20,861,863,138,781,36,0,183,9148
C83080,2020,07,NG319NS,856,14,1272,1276,154,867,45,0,273,11769
C83082,2020,07,LN60QQ,1798,86,1698,1705,264,1426,110,0,521,20253
C83083,2020,07,LN44SG,1214,29,1809,1817,339,1584,70,0,230,20301
C83085,2020,07,LN110JN,2372,75,3107,3137,474,2500,216,0,527,34154
C83611,2020,07,LN59HF,1257,49,1157,1161,148,939,34,0,382,13146
C83613,2020,07,LN76NX,877,66,1248,1254,297,1038,104,0,136,14772
C83614,2020,07,PE202ET,556,18,1281,1309,233,740,58,0,87,11813
C83617,2020,07,PE60AL,1104,32,2077,2096,377,1275,37,0,152,16984
C83626,2020,07,LN11XP,1406,17,751,759,283,776,166,0,404,13244
C83631,2020,07,PE113DT,236,3,621,637,107,450,12,0,53,4794
C83634,2020,07,LN106TX,552,24,1194,1201,148,892,59,0,132,11980
C83635,2020,07,LN106SQ,845,25,1312,1323,286,1178,56,0,172,15367
C83641,2020,07,LN12NU,771,53,1279,1285,184,1060,71,0,221,13904
C83643,2020,07,LN86ED,386,15,690,692,130,518,18,0,48,6591
C83649,2020,07,NG334BB,587,10,938,951,232,713,41,0,165,9303
C83650,2020,07,LN85DA,673,54,985,989,218,777,43,0,152,10433
C83653,2020,07,NG321QS,521,18,842,848,162,638,39,0,86,7986
C84001,2020,07,S810HH,4661,85,5461,5486,902,4465,147,0,1445,62439
C84004,2020,07,NG68AQ,1132,4,1081,1084,247,821,75,0,268,12687
C84005,2020,07,LE126JG,1488,46,2506,2514,365,1771,64,0,406,22221
C84008,2020,07,NG220HT,641,15,988,998,238,788,13,0,149,10021
C84009,2020,07,NG241QD,1412,36,1875,1877,257,1251,105,4,332,20144
C84010,2020,07,NG42NJ,1468,20,1502,1512,166,1090,63,0,279,17195
C84011,2020,07,NG54AD,774,15,819,833,152,592,50,0,181,11161
C84012,2020,07,NG171ES,2249,69,2714,2726,369,1930,84,1,536,28678
C84013,2020,07,DN227XF,2275,38,2916,2942,530,2229,52,1,725,30057
C84014,2020,07,NG171JW,1661,25,1786,1796,267,1480,36,0,443,19867
C84016,2020,07,NG198BL,2446,60,3453,3477,622,2896,88,0,562,32578
C84017,2020,07,NG138FD,3267,90,5136,5159,878,3842,161,0,963,48092
C84018,2020,07,NG32FW,1368,26,1253,1262,231,894,118,27,382,17225
C84019,2020,07,NG241QH,1786,30,2246,2255,300,1445,70,0,437,22112
C84020,2020,07,NG181QB,1048,22,1363,1370,125,957,50,0,264,13009
C84021,2020,07,NG229SZ,1770,41,1982,1989,345,1500,36,0,403,25348
C84023,2020,07,NG72QW,1074,5,213,214,26,153,23,0,461,5188
C84024,2020,07,S801HP,5058,92,6312,6355,1193,4853,248,0,1409,62731
C84025,2020,07,NG138NY,850,40,1555,1560,191,1178,68,0,177,13012
C84026,2020,07,NG57BP,1353,18,1773,1777,182,1269,62,2,333,19754
C84028,2020,07,NG116HD,486,30,878,883,54,650,25,0,136,8787
C84029,2020,07,NG244XG,2562,33,2975,2989,596,2346,69,0,722,34103
C84030,2020,07,NG92NY,983,34,1043,1045,126,763,74,0,234,13057
C84031,2020,07,NG181EE,440,5,521,523,108,308,61,0,103,5837
C84032,2020,07,NG163BS,2786,73,3329,3339,461,2807,249,0,551,39274
C84033,2020,07,NG43JA,886,27,1243,1247,147,894,74,0,209,12806
C84034,2020,07,NG60HD,1281,17,1346,1350,218,950,58,0,198,15921
C84035,2020,07,DN227XF,1530,27,2291,2306,266,1609,61,0,407,21671
C84036,2020,07,NG196AB,2906,94,3301,3331,618,2814,16,0,771,37458
C84037,2020,07,NG210RB,1721,26,2473,2479,289,1809,126,0,393,24115
C84039,2020,07,NG72DW,791,20,851,857,210,670,58,0,239,10973
C84042,2020,07,NG98DA,680,16,846,850,79,565,40,0,171,9309
C84043,2020,07,NG68QJ,1513,9,1489,1511,226,1134,58,0,337,17801
C84044,2020,07,NG82GR,664,28,1081,1096,123,754,41,0,122,11997
C84045,2020,07,NG237LB,946,43,1679,1696,127,1100,63,0,217,16079
C84046,2020,07,NG118EW,1198,30,1661,1662,231,1185,33,0,313,16656
C84047,2020,07,NG146FP,1211,27,1962,1974,278,1446,78,0,254,19057
C84048,2020,07,NG125JU,831,47,1561,1566,153,1110,52,0,193,14611
C84049,2020,07,NG250AL,1568,106,2575,2591,306,1957,125,0,372,25473
C84051,2020,07,NG185GG,2860,60,3313,3334,472,1968,104,0,546,35937
C84053,2020,07,NG156DY,2144,44,2398,2414,385,2240,97,0,647,27408
C84055,2020,07,NG57BQ,1047,50,1316,1325,174,1026,70,0,294,15936
C84057,2020,07,NG197PE,442,7,873,883,144,577,30,0,91,7373
C84059,2020,07,NG190FW,2507,75,3169,3186,533,2185,66,5,687,32764
C84060,2020,07,NG118AD,1165,25,1252,1254,195,1040,62,0,327,14898
C84061,2020,07,NG171AT,1318,21,1682,1699,273,1208,59,0,341,15920
C84063,2020,07,NG37DQ,784,18,1206,1213,306,901,37,0,180,12662
C84064,2020,07,NG68QJ,1221,19,1021,1024,213,819,42,0,299,13425
C84065,2020,07,NG92QP,688,27,864,864,178,637,32,0,153,9628
C84066,2020,07,NG56HP,1236,23,1093,1101,175,884,99,0,266,15240
C84067,2020,07,NG179JB,1232,20,1377,1379,212,1040,30,0,233,14729
C84069,2020,07,NG181QQ,1752,45,2318,2324,361,1643,46,0,461,23723
C84072,2020,07,NG33GG,1218,16,1423,1426,265,1132,68,0,279,16068
C84074,2020,07,NG177DG,785,27,1236,1241,164,1085,23,0,168,11369
C84076,2020,07,NG177LG,554,8,786,791,123,649,25,0,162,8131
C84077,2020,07,NG172NF,1499,23,1788,1798,255,1325,55,0,480,18838
C84078,2020,07,NG51NA,1674,34,1406,1410,278,1246,87,0,427,20340
C84080,2020,07,NG91GA,1270,31,1213,1217,169,940,55,0,313,15212
C84081,2020,07,NG118EW,1077,19,972,977,181,883,69,0,211,12668
C84084,2020,07,NG122GD,804,52,1377,1384,198,1219,53,0,136,13929
C84085,2020,07,NG13LW,1235,31,1021,1039,171,823,123,0,278,13540
C84086,2020,07,NG27PG,1106,52,1361,1370,209,1445,68,0,317,16191
C84087,2020,07,NG210AD,988,15,1225,1232,160,968,62,0,234,12707
C84090,2020,07,NG27SD,619,23,795,802,168,611,22,0,188,8942
C84091,2020,07,NG85RU,980,12,990,996,194,692,66,0,242,12944
C84092,2020,07,NG22JG,381,11,733,735,201,629,15,0,101,7557
C84094,2020,07,DN226FB,3201,58,4135,4142,521,3199,78,0,767,39961
C84095,2020,07,NG157UA,793,9,1074,1080,166,655,50,1,250,11130
C84101,2020,07,DN106RQ,309,7,965,969,124,772,13,0,48,6413
C84103,2020,07,NG75HY,359,4,467,468,113,403,7,19,72,5463
C84105,2020,07,NG75HY,748,13,887,889,233,663,60,0,157,10605
C84106,2020,07,NG185PF,1269,30,1760,1772,245,1148,26,0,336,16458
C84107,2020,07,NG98DA,777,16,1015,1023,103,631,79,0,123,10606
C84112,2020,07,NG93HF,223,9,347,349,44,201,18,0,32,3624
C84113,2020,07,NG219QS,785,40,1343,1344,166,1081,31,0,335,12360
C84114,2020,07,NG173EE,1468,42,1881,1891,465,1552,59,0,299,18633
C84115,2020,07,NG35LB,492,3,687,687,84,563,49,0,122,7769
C84116,2020,07,NG85HL,1109,10,1250,1263,301,1102,42,0,221,15122
C84117,2020,07,NG73GW,593,4,311,314,36,198,20,0,239,5019
C84120,2020,07,NG94ET,1296,37,1428,1435,220,1018,59,0,285,16999
C84122,2020,07,NG81FG,704,18,957,964,162,701,34,0,138,10235
C84123,2020,07,NG228QB,470,9,513,516,101,433,9,0,98,6527
C84127,2020,07,NG200BP,743,21,1114,1122,184,748,45,0,172,10585
C84129,2020,07,NG55EB,855,15,919,922,147,710,59,0,196,11081
C84131,2020,07,NG163HU,1021,15,1006,1011,198,764,35,0,254,12054
C84135,2020,07,NG55RB,422,4,429,431,73,406,18,0,111,5680
C84136,2020,07,NG73GW,320,6,494,499,128,407,9,0,86,5292
C84138,2020,07,NG68ED,294,2,320,320,51,280,9,0,77,4442
C84140,2020,07,NG177BG,981,17,1071,1079,223,1004,34,0,174,13434
C84142,2020,07,NG166BT,693,12,957,961,165,892,27,0,129,10331
C84144,2020,07,NG22JG,409,11,450,451,127,411,14,0,85,5643
C84150,2020,07,NG36EU,432,6,654,654,86,371,39,0,84,5632
C84151,2020,07,NG77DS,185,0,314,316,62,240,6,0,47,2531
C84605,2020,07,NG27SD,1376,61,2277,2290,309,1829,79,0,383,23169
C84613,2020,07,NG43DQ,1611,19,1877,1886,177,1287,116,0,300,19667
C84619,2020,07,NG53HU,658,7,635,638,86,415,36,0,188,7443
C84621,2020,07,NG27PX,335,20,402,406,76,340,21,0,116,4807
C84624,2020,07,NG162NB,444,20,546,546,62,471,29,0,103,6317
C84628,2020,07,NG77AD,409,9,716,718,173,534,15,0,101,6597
C84629,2020,07,NG177BG,797,10,953,958,188,676,48,0,154,10685
C84637,2020,07,NG182LT,791,18,1219,1226,256,818,55,0,139,11953
C84646,2020,07,NG145BG,629,17,1255,1259,97,1012,48,0,137,11598
C84647,2020,07,NG84FD,93,0,251,251,26,189,8,0,29,2468
C84654,2020,07,NG165JW,704,32,858,864,113,592,37,0,172,8562
C84656,2020,07,NG210JP,501,13,695,696,99,583,12,0,159,6056
C84658,2020,07,NG200BP,1186,34,1306,1311,264,1082,65,0,294,14478
C84660,2020,07,NG236PX,487,7,728,729,147,485,45,0,118,7406
C84664,2020,07,NG52JJ,434,7,487,488,69,309,16,25,111,5379
C84667,2020,07,NG162GE,577,10,746,746,108,722,67,0,118,8334
C84676,2020,07,NG76ER,539,4,788,790,177,583,65,0,151,8057
C84679,2020,07,NG181QA,525,15,686,694,130,468,50,0,157,6314
C84682,2020,07,NG52EJ,281,7,275,275,55,248,18,0,79,3729
C84683,2020,07,NG24PJ,1261,21,1226,1232,193,829,314,167,324,16376
C84691,2020,07,NG75HY,537,7,712,712,244,501,33,0,119,8746
C84692,2020,07,DN220AB,478,18,1005,1015,195,823,15,0,149,9252
C84693,2020,07,NG37EJ,342,12,612,615,137,423,40,0,68,6672
C84694,2020,07,NG86AB,297,3,344,346,64,247,13,0,64,4360
C84695,2020,07,NG55HW,461,16,494,500,122,438,51,0,114,6239
C84696,2020,07,NG36EW,420,12,488,494,61,316,17,0,89,5833
C84703,2020,07,NG26PS,395,13,491,495,95,480,19,0,122,5701
C84704,2020,07,NG83LF,752,10,864,865,190,656,40,0,153,10839
C84705,2020,07,NG98PN,617,14,744,744,117,535,41,0,181,8172
C84710,2020,07,NG197JZ,435,21,645,648,92,423,22,0,111,6077
C84717,2020,07,NG69AA,269,0,483,483,53,390,13,0,59,4221
C85001,2020,07,S639EH,703,17,963,980,138,776,51,0,206,9671
C85003,2020,07,S703NE,2268,123,1943,1957,385,1884,132,0,467,27220
C85004,2020,07,S366BR,3030,149,4378,4413,589,3549,171,16,933,46194
C85005,2020,07,S714QW,917,21,1186,1192,193,1140,21,0,276,14602
C85006,2020,07,S706QW,912,53,1304,1317,178,941,32,0,225,12404
C85007,2020,07,S705NZ,2305,84,2498,2549,465,2478,77,0,747,29664
C85008,2020,07,S749AF,2213,80,2873,2908,529,2579,66,0,575,31810
C85009,2020,07,S704NW,961,27,879,888,210,845,145,0,295,12484
C85010,2020,07,S756FH,2809,139,3487,3520,544,3032,115,27,823,42240
C85013,2020,07,S730AJ,2077,62,2186,2199,261,2300,109,6,746,28963
C85014,2020,07,S728SU,1854,47,2302,2313,490,2237,75,2,410,25224
C85016,2020,07,S739JX,2154,72,2351,2378,566,2128,57,1,504,28961
C85017,2020,07,S701XY,2799,129,2478,2506,405,2715,235,0,602,36710
C85018,2020,07,S727NZ,1495,40,1839,1849,382,1552,77,0,381,19377
C85019,2020,07,S701QE,927,23,1131,1145,209,792,131,0,178,11572
C85020,2020,07,S702LT,2470,81,3221,3245,442,2563,195,6,643,34847
C85022,2020,07,S749AF,2277,93,2797,2816,515,2125,113,6,630,29215
C85023,2020,07,S639EH,1908,38,2257,2289,401,2097,125,2,473,27394
C85024,2020,07,S714RF,1111,28,769,778,156,563,24,0,166,10879
C85026,2020,07,S753RF,954,52,1563,1577,276,1357,34,0,231,15703
C85028,2020,07,S715PN,325,30,797,800,206,800,30,0,62,8599
C85030,2020,07,S730DD,2048,37,1912,1926,443,1593,103,1,393,24442
C85033,2020,07,S752AE,1851,77,1724,1742,309,1415,89,0,523,22100
C85614,2020,07,S755HQ,531,32,674,682,99,453,75,0,127,7634
C85619,2020,07,S711RY,1312,42,1414,1424,285,1239,99,0,339,16113
C85622,2020,07,S712EQ,437,16,367,368,118,342,21,4,93,4876
C85623,2020,07,S366DY,429,14,659,660,103,618,5,0,123,5938
C85628,2020,07,S727BB,127,5,296,297,49,270,2,2,31,2474
C86001,2020,07,DN68AG,2932,25,2881,2912,857,2790,25,0,591,37230
C86002,2020,07,DN50JX,1056,15,1635,1648,421,1277,31,0,198,16979
C86003,2020,07,DN76JH,1270,32,2142,2162,351,1835,57,0,304,21011
C86005,2020,07,S640BY,807,4,1192,1218,283,1129,32,0,128,13313
C86006,2020,07,DN12DS,1475,24,1786,1805,468,1496,80,0,322,20537
C86007,2020,07,DN12EG,1927,31,2635,2648,532,2311,29,3,451,26783
C86009,2020,07,DN106RQ,1019,5,1732,1755,298,1435,30,0,240,17377
C86011,2020,07,DN12JP,1794,42,2080,2089,513,1873,52,1,434,25643
C86012,2020,07,DN46BU,720,17,933,936,187,760,4,0,173,10419
C86013,2020,07,DN119NA,1258,25,2368,2392,214,1664,52,0,249,22912
C86015,2020,07,DN110LP,1140,18,1796,1827,426,1509,28,0,254,18406
C86016,2020,07,DN60HZ,1341,16,1669,1677,218,1320,40,0,271,18101
C86017,2020,07,DN12EU,1744,28,1889,1897,313,1431,33,0,369,20697
C86018,2020,07,DN84BQ,1504,32,2318,2334,242,1281,25,0,304,23687
C86019,2020,07,DN40TG,2114,17,2943,2980,498,2213,47,0,477,28993
C86020,2020,07,DN40TH,1259,18,1991,2011,289,1572,21,0,309,19474
C86021,2020,07,DN33AH,1088,13,1303,1311,198,1390,53,0,159,16562
C86022,2020,07,DN25JH,1655,22,1931,1958,412,1629,55,0,376,21920
C86023,2020,07,DN50AT,1217,18,1214,1224,330,1036,18,0,288,14701
C86024,2020,07,DN123JW,1574,27,1883,1924,266,1411,24,0,334,23496
C86025,2020,07,DN11JS,841,8,943,960,192,791,11,0,167,12756
C86026,2020,07,DN121JD,621,7,930,944,167,846,9,0,116,9481
C86029,2020,07,DN12ET,1897,41,2017,2027,483,1778,97,0,494,25716
C86032,2020,07,DN58QE,968,10,1066,1084,206,885,15,0,99,12282
C86033,2020,07,DN121JD,732,7,700,712,134,631,30,0,189,10404
C86034,2020,07,S640DB,1452,11,1614,1645,278,1303,14,0,365,17732
C86037,2020,07,DN75AF,1489,17,1789,1801,224,1525,18,0,280,20697
C86038,2020,07,DN59PQ,1344,22,1794,1812,237,1201,31,0,280,18071
C86605,2020,07,DN60HZ,886,3,1128,1133,234,805,14,0,222,12089
C86606,2020,07,DN57ET,341,4,566,575,67,434,7,0,59,4659
C86609,2020,07,DN32DB,1377,20,1936,1956,227,1475,43,1,271,18117
C86611,2020,07,DN74BY,911,8,1105,1119,127,830,44,1,171,13069
C86613,2020,07,DN59PQ,724,4,885,892,121,669,6,0,151,9334
C86614,2020,07,DN84BQ,1550,29,1962,1972,359,1662,53,0,295,22190
C86616,2020,07,DN124AB,489,0,559,563,117,479,14,0,112,6068
C86621,2020,07,DN110PQ,1073,20,965,982,125,822,39,0,312,11842
C86625,2020,07,DN123JW,230,0,235,236,35,197,5,0,64,2704
C86626,2020,07,DN58DA,247,2,421,423,52,295,6,0,39,3622
C87002,2020,07,S252EZ,3072,102,4172,4201,581,3878,116,24,803,45119
C87003,2020,07,S611AH,1392,39,2217,2237,378,1682,60,54,311,20786
C87004,2020,07,S266QU,1630,50,2168,2191,367,1525,34,12,413,22163
C87005,2020,07,S651DA,2677,83,2850,2873,552,2521,107,100,748,34636
C87006,2020,07,S645UP,2224,42,2938,2956,455,2585,78,24,596,29692
C87007,2020,07,S604JW,1803,132,2434,2447,270,2171,80,2,373,26018
C87008,2020,07,S264WD,2100,65,2624,2638,417,2227,98,26,550,30088
C87009,2020,07,S605ND,1357,68,1743,1767,271,1567,77,19,335,19115
C87010,2020,07,S651PW,543,22,819,824,213,820,20,24,145,8233
C87012,2020,07,S603EW,1629,67,2305,2327,422,1939,77,17,432,25430
C87013,2020,07,S626AW,1066,20,1533,1535,213,1392,53,0,226,15088
C87014,2020,07,S605PW,1018,28,934,943,127,750,111,0,255,12946
C87015,2020,07,S662JQ,1126,30,1570,1593,207,1187,29,1,393,14370
C87016,2020,07,S661EU,1763,59,2165,2201,340,1915,73,22,436,22877
C87017,2020,07,S651DA,1959,42,2232,2264,542,2034,72,5,525,25352
C87018,2020,07,S626LW,1187,45,1739,1754,281,1520,25,0,442,18085
C87020,2020,07,S614PT,1081,33,1344,1349,161,1087,22,13,297,12996
C87022,2020,07,S669LP,752,16,717,721,160,610,18,14,177,8624
C87024,2020,07,S626AE,610,19,746,747,119,628,19,10,168,7046
C87029,2020,07,S637RA,2015,46,1760,1787,279,1355,39,0,487,20974
C87030,2020,07,S648NB,1536,37,2019,2028,280,1650,46,46,439,20431
C87031,2020,07,S668JE,487,6,729,731,112,658,30,0,96,7809
C87603,2020,07,S614RB,615,11,724,729,100,711,36,12,174,7291
C87604,2020,07,S612QP,576,13,1135,1143,141,776,12,14,152,9672
C87606,2020,07,S667NA,209,13,246,246,46,202,8,15,42,2786
C87608,2020,07,S651QY,300,5,396,400,153,404,10,76,81,4764
C87616,2020,07,S668JD,809,52,943,952,183,852,69,0,112,12112
C87620,2020,07,S668JE,1139,32,1190,1192,176,1039,27,0,313,13193
C87622,2020,07,S651DA,1610,31,1245,1253,231,960,137,145,379,16061
C88005,2020,07,S63TN,1240,77,1517,1522,196,949,77,6,369,17487
C88006,2020,07,S23TA,969,15,794,797,136,765,62,0,257,11005
C88007,2020,07,S118HN,1933,37,965,971,215,777,119,0,601,16093
C88008,2020,07,S39DL,2261,66,2265,2306,536,1795,58,0,619,28791
C88009,2020,07,S61GA,1148,51,1495,1501,231,1323,69,0,231,17392
C88010,2020,07,S351RN,2368,132,3753,3770,430,2836,62,1,559,38920
C88011,2020,07,S58AL,941,19,807,809,157,630,50,0,246,10774
C88014,2020,07,S57HD,1894,51,1881,1895,448,1588,94,0,435,23965
C88015,2020,07,S88DJ,3056,167,3957,3983,511,3034,105,1,780,42042
C88016,2020,07,S72DW,1153,61,2354,2361,236,1872,52,0,300,20968
C88018,2020,07,S64JQ,1331,75,1665,1679,235,1281,72,0,252,18542
C88019,2020,07,S141PQ,1462,62,1700,1712,202,1251,63,3,384,19528
C88020,2020,07,S21SL,1180,31,1158,1164,289,991,22,0,311,13892
C88021,2020,07,S64FA,675,56,1345,1350,227,1207,27,1,229,15152
C88022,2020,07,S122LJ,630,41,943,954,76,648,21,0,188,11134
C88023,2020,07,S201HQ,1514,45,1745,1757,247,1499,35,6,326,20326
C88025,2020,07,S123BP,1571,80,1491,1519,231,1280,64,1,404,18650
C88026,2020,07,S80YH,2174,110,2434,2440,358,2052,72,1,718,26140
C88027,2020,07,S48AN,591,17,678,679,231,608,40,0,150,9603
C88028,2020,07,S105BU,811,103,1095,1115,114,884,61,1,275,13434
C88030,2020,07,S22TD,1097,60,1050,1087,230,810,64,0,223,13949
C88031,2020,07,S63FT,1395,73,1579,1586,224,1345,121,1,382,19980
C88032,2020,07,S123GH,916,51,1418,1435,175,998,20,2,198,14232
C88034,2020,07,S117EJ,956,57,1645,1652,142,1336,72,1,338,16250
C88035,2020,07,S56HH,1179,32,1360,1364,288,1013,64,1,322,16894
C88036,2020,07,S139BZ,1184,85,1655,1667,278,1365,83,0,258,19758
C88037,2020,07,S174DR,1760,102,2455,2473,439,2201,136,0,342,32563
C88038,2020,07,S24UJ,849,59,1290,1294,235,1069,38,0,154,14704
C88039,2020,07,S359XQ,1322,52,1794,1805,191,1577,48,0,316,19712
C88040,2020,07,S350FW,775,41,983,990,119,776,39,0,154,10984
C88041,2020,07,S80SH,1834,63,2164,2170,329,1891,50,0,489,23384
C88043,2020,07,S61TT,1442,56,1781,1793,245,1386,53,0,337,18370
C88044,2020,07,S105PN,486,29,456,457,58,383,17,0,161,7115
C88045,2020,07,S64GQ,1579,72,1312,1328,135,1106,87,0,352,17789
C88046,2020,07,S80BJ,485,12,535,537,58,392,18,0,161,5427
C88047,2020,07,S91DJ,1242,67,1402,1411,269,1253,36,1,306,16802
C88048,2020,07,S39DA,783,38,908,912,349,1015,112,0,183,14255
C88049,2020,07,S57TW,788,21,1288,1289,133,868,16,2,172,11764
C88050,2020,07,S123DZ,668,34,982,985,147,801,51,0,159,10739
C88051,2020,07,S48GB,717,16,771,772,259,682,64,0,137,11979
C88052,2020,07,S119AL,1025,70,1025,1030,100,846,65,1,321,13884
C88053,2020,07,S117PL,361,24,676,676,56,608,31,0,88,6505
C88054,2020,07,S358NX,926,37,1120,1130,145,776,43,0,233,13568
C88059,2020,07,S63QW,386,11,571,574,141,525,19,0,88,6656
C88060,2020,07,S118AN,414,25,766,770,274,705,48,0,92,8991
C88062,2020,07,S117AB,372,27,478,479,23,354,21,0,176,5541
C88068,2020,07,S174DQ,467,42,579,581,74,401,15,0,153,5226
C88069,2020,07,S94QH,2271,90,2600,2613,926,2220,130,0,470,35000
C88070,2020,07,S50RG,1202,40,1485,1498,337,1039,76,0,349,16938
C88072,2020,07,S137LY,2735,167,3381,3400,580,2812,57,1,555,39722
C88073,2020,07,S23AJ,898,32,690,695,129,577,74,0,243,10801
C88074,2020,07,S362RA,836,24,1204,1217,164,940,90,0,180,11942
C88076,2020,07,S37SF,1217,40,899,907,258,701,233,0,326,13884
C88077,2020,07,S58GS,705,37,615,623,79,446,42,0,175,7841
C88078,2020,07,S205BQ,971,30,1418,1440,208,1200,37,4,226,15112
C88079,2020,07,S101GN,867,45,612,621,91,460,100,3,254,10151
C88082,2020,07,S89SG,163,2,234,236,49,172,9,0,25,2661
C88083,2020,07,S105ND,301,10,414,416,48,393,11,0,102,4867
C88084,2020,07,S95DH,398,16,685,686,177,647,27,0,65,8124
C88085,2020,07,S138NA,1236,61,1448,1453,245,1243,56,2,320,17803
C88086,2020,07,S57QB,656,20,666,669,72,646,28,0,139,8046
C88087,2020,07,S25FX,1568,92,1921,1950,322,1681,89,0,366,21009
C88088,2020,07,S22AG,979,15,983,993,180,725,42,0,274,11771
C88090,2020,07,S21QU,1381,46,1527,1552,467,1371,88,0,413,19373
C88091,2020,07,S50QJ,246,5,349,353,38,264,5,0,66,3675
C88092,2020,07,S361BX,1492,49,2223,2235,330,1622,66,1,401,22096
C88095,2020,07,S359XQ,603,57,898,904,105,763,22,0,154,9817
C88096,2020,07,S124LA,1469,90,1303,1308,257,1190,64,0,331,17334
C88622,2020,07,S39LB,140,8,383,386,116,272,2,0,43,3245
C88627,2020,07,S37QP,756,0,26,27,7,13,13,1,376,3005
C88631,2020,07,S80RT,98,10,312,316,119,235,11,1,27,2971
C88643,2020,07,S50AE,533,6,600,601,126,366,15,0,113,5755
C88647,2020,07,S206PD,730,17,928,937,120,803,20,0,191,10878
C88648,2020,07,S207HZ,738,23,853,854,94,741,24,0,221,10232
C88652,2020,07,S117BJ,290,16,316,318,34,217,8,0,83,3923
C88655,2020,07,S91WZ,45,3,170,171,70,161,5,0,17,1923
C88656,2020,07,S66BX,430,35,742,745,56,590,38,1,90,8489
D81001,2020,07,CB21EH,719,19,835,838,108,681,62,0,241,8909
D81002,2020,07,CB30DB,1107,56,1505,1521,268,1265,57,2,351,15761
D81003,2020,07,CB12PY,996,18,1228,1236,314,856,98,37,229,13357
D81004,2020,07,PE284EQ,1822,71,2099,2142,332,1441,75,0,534,24221
D81005,2020,07,CB39HS,601,12,496,501,55,324,59,0,217,6780
D81008,2020,07,PE131JU,3931,48,4686,4704,667,3169,216,0,982,48627
D81010,2020,07,PE293RL,2160,57,2595,2611,456,1943,130,0,488,27857
D81011,2020,07,PE133AN,2314,31,2963,2971,469,2011,272,0,612,29328
D81012,2020,07,CB18BA,1221,55,1274,1280,157,1024,91,0,275,14321
D81013,2020,07,CB21RG,862,11,654,659,77,412,40,0,339,8651
D81014,2020,07,CB75JD,3100,64,3517,3525,886,2337,146,0,747,35623
D81015,2020,07,PE134LF,1233,16,1512,1524,254,948,132,2,302,16678
D81016,2020,07,CB42JG,1903,43,1817,1823,330,1371,191,0,454,19662
D81017,2020,07,CB13DG,614,9,658,660,140,489,58,0,157,7497
D81018,2020,07,SG86BX,973,24,1492,1506,207,986,55,0,149,14258
D81021,2020,07,CB61JU,1894,30,2104,2115,364,1582,118,0,546,21662
D81022,2020,07,PE60SD,10500,318,14257,14338,2729,9311,694,0,2514,138858
D81023,2020,07,PE47DH,1981,45,2459,2472,489,1601,204,0,535,23644
D81025,2020,07,CB19HR,1020,14,1314,1328,234,980,88,0,266,14347
D81026,2020,07,PE12EJ,3751,147,5189,5208,838,3632,365,0,929,52458
D81027,2020,07,PE285SU,1055,16,1531,1540,188,772,46,0,287,12788
D81028,2020,07,CB249NP,1127,82,1327,1336,142,938,97,0,243,16429
D81029,2020,07,PE28AY,1496,43,2004,2023,354,1504,122,0,379,20696
D81030,2020,07,PE275JD,1980,66,3195,3226,441,2175,124,0,471,27779
D81031,2020,07,PE73JL,2156,43,2502,2508,402,1685,111,0,653,26173
D81033,2020,07,CB245NZ,607,28,866,867,139,587,66,0,166,7384
D81034,2020,07,CB74HF,2266,60,3237,3248,456,2588,138,2,529,32778
D81035,2020,07,CB237DY,1067,44,1680,1698,310,1083,32,10,397,16207
D81036,2020,07,CB62RB,789,7,1279,1287,202,843,22,0,226,10893
D81037,2020,07,CB23LS,372,11,281,284,42,230,20,4,134,3758
D81038,2020,07,PE280JF,823,27,1717,1720,146,955,24,0,191,11995
D81040,2020,07,PE283EG,338,7,572,574,45,404,18,0,48,4387
D81041,2020,07,CB232SH,613,27,1031,1033,169,677,9,0,165,8948
D81042,2020,07,CB259LQ,978,51,979,984,110,790,102,0,288,10425
D81043,2020,07,CB223HU,5109,128,7037,7071,1078,5350,289,33,1277,73009
D81044,2020,07,CB41GL,1728,72,1534,1543,236,1222,122,14,458,19855
D81045,2020,07,PE195SZ,883,27,1610,1615,239,981,54,0,253,13937
D81046,2020,07,PE71AT,2491,66,3745,3770,534,1963,112,0,661,31392
D81047,2020,07,SG75PY,745,42,1591,1600,263,1197,47,0,209,13082
D81049,2020,07,PE273TP,1304,41,1920,1929,238,1311,58,0,335,17201
D81050,2020,07,PE293EZ,1950,35,2174,2182,275,1368,65,2,492,21755
D81051,2020,07,CB250AE,1234,6,1385,1390,189,1036,40,0,323,14470
D81052,2020,07,PE159BF,1409,19,1477,1483,222,1069,115,0,327,17129
D81054,2020,07,CB41ER,1270,22,1404,1415,234,908,109,0,413,14479
D81055,2020,07,CB259DU,838,33,1197,1203,144,900,65,0,191,12418
D81056,2020,07,CB12AB,437,18,518,519,91,286,39,0,108,6193
D81057,2020,07,PE191BQ,3150,122,4295,4349,497,2897,175,0,626,43457
D81058,2020,07,CB227NP,665,33,1139,1145,164,771,42,4,188,11209
D81059,2020,07,PE261BP,1319,28,1762,1774,314,1211,42,0,252,16165
D81060,2020,07,PE282RQ,1053,21,1311,1328,190,898,63,0,254,14326
D81061,2020,07,PE166EX,1841,38,2411,2422,359,1671,74,1,346,23683
D81062,2020,07,CB63TA,1019,19,1379,1389,295,915,67,0,286,14189
D81064,2020,07,PE159BY,794,15,1125,1136,119,736,109,0,182,11598
D81065,2020,07,PE14FS,755,2,834,834,276,611,25,0,170,8614
D81066,2020,07,CB18PJ,661,29,755,768,86,611,43,0,183,8551
D81070,2020,07,CB21LR,622,11,469,471,100,427,55,0,190,6165
D81073,2020,07,PE37JW,632,16,794,799,128,564,44,0,140,7998
D81078,2020,07,CB238EH,260,3,431,431,43,316,12,0,72,3733
D81081,2020,07,PE195DA,416,10,639,652,80,365,31,0,76,6305
D81082,2020,07,PE191DZ,858,25,1128,1148,117,653,45,0,180,11373
D81084,2020,07,CB245LB,1208,24,1235,1251,162,730,97,0,324,13214
D81085,2020,07,CB233QQ,1011,45,1181,1213,200,721,44,6,234,12267
D81086,2020,07,CB58SP,909,36,891,891,211,739,63,0,207,10742
D81602,2020,07,CB248SE,316,3,595,595,55,361,10,0,94,4895
D81603,2020,07,PE158BG,1335,21,1593,1610,264,1139,96,0,391,16352
D81606,2020,07,PE273ER,1473,24,2253,2259,277,1272,73,0,342,18120
D81607,2020,07,CB244RA,413,14,444,445,94,356,26,0,103,4987
D81611,2020,07,PE150GN,2248,36,3270,3282,488,2009,97,0,467,28796
D81612,2020,07,CB246BL,464,14,688,691,80,550,15,0,122,6997
D81615,2020,07,PE36AP,748,20,1033,1035,177,622,53,0,179,9986
D81618,2020,07,PE57AF,459,10,746,752,93,495,26,0,105,5963
D81622,2020,07,PE133UZ,1560,18,1659,1666,255,1170,84,0,484,19433
D81625,2020,07,PE13HP,1487,24,2828,2846,445,1992,55,0,419,22282
D81629,2020,07,PE25RQ,738,10,857,861,158,566,57,0,170,8301
D81630,2020,07,PE78DR,940,40,855,858,140,480,45,0,244,9355
D81631,2020,07,PE13BF,706,19,1014,1020,307,723,50,0,173,10386
D81633,2020,07,PE297HN,1430,15,1346,1367,231,910,73,1,390,15541
D81637,2020,07,CB236HL,933,4,687,697,108,389,43,0,288,8475
D81645,2020,07,PE36HA,347,5,380,381,102,234,57,0,51,4129
D82001,2020,07,NR256QA,2056,64,3669,3689,583,2371,265,3,462,35155
D82002,2020,07,IP242HY,1912,18,1931,1937,430,1717,95,3,371,22744
D82003,2020,07,NR316QB,3960,54,3326,3344,767,2651,259,11,1127,44321
D82004,2020,07,NR270BG,2437,61,3165,3174,649,2120,188,7,568,33751
D82005,2020,07,NR268RT,1293,45,2511,2515,398,1838,102,7,383,23282
D82006,2020,07,NR146QH,1220,20,1660,1680,264,1210,74,1,260,16659
D82007,2020,07,NR301QP,4109,31,3169,3191,733,2825,134,11,1364,41926
D82008,2020,07,NR22TJ,2786,62,1969,1979,495,1714,319,28,699,29528
D82009,2020,07,NR129BU,759,17,836,837,197,614,31,1,254,8169
D82010,2020,07,PE321DW,812,4,1073,1078,200,1014,55,0,104,12956
D82011,2020,07,NR31SE,2208,43,1657,1668,344,1564,273,34,499,24878
D82012,2020,07,NR34LF,1962,44,1613,1619,245,1276,97,1,540,19777
D82013,2020,07,NR67HQ,921,24,679,684,122,478,100,7,187,8551
D82015,2020,07,PE389DP,1366,22,2177,2191,418,1793,132,4,352,22058
D82016,2020,07,NR116BW,1622,43,2340,2353,411,1512,132,5,368,21198
D82017,2020,07,NR22BQ,1509,11,979,986,228,863,156,4,306,15240
D82018,2020,07,NR65QJ,891,37,984,989,161,695,90,2,238,12353
D82019,2020,07,NR318HS,2348,57,2645,2658,487,2141,89,1,644,30630
D82020,2020,07,NR191AE,1878,45,1656,1666,313,1220,201,0,426,20260
D82022,2020,07,IP224WG,1022,16,1527,1539,272,1065,97,1,152,14359
D82023,2020,07,NR50GB,1853,13,1522,1527,258,1256,131,12,411,18720
D82024,2020,07,NR86JR,1068,16,895,898,170,839,58,2,217,11888
D82025,2020,07,NR128DU,1615,60,2082,2100,433,1783,106,14,474,23541
D82026,2020,07,NR13JJ,1496,16,925,930,231,763,178,23,286,15286
D82027,2020,07,PE317EX,1282,57,2243,2261,387,1639,88,0,263,21016
D82028,2020,07,NR295AB,1036,28,1490,1497,273,1221,40,2,209,15389
D82029,2020,07,NR86EE,3627,143,3840,3896,638,2727,312,8,807,41548
D82030,2020,07,NR116AA,1492,27,1723,1734,260,1499,125,3,382,18806
D82031,2020,07,IP224WG,1252,22,1950,1961,247,1151,151,6,262,17895
D82032,2020,07,NR135RP,1523,45,1858,1865,330,1455,101,10,536,19747
D82034,2020,07,NR172AS,2597,55,3575,3631,567,2610,227,6,545,35354
D82035,2020,07,PE149BT,2007,40,2501,2518,588,2269,136,2,469,28936
D82036,2020,07,NR147FA,1172,22,1487,1496,216,1374,86,1,243,16155
D82037,2020,07,NR152UY,1433,16,2111,2130,434,1425,100,5,351,20791
D82038,2020,07,NR231JP,452,31,672,676,106,515,55,1,81,7287
D82039,2020,07,NR203QA,1359,34,2029,2044,373,1583,68,3,307,19762
D82040,2020,07,NR58AD,2526,7,1441,1457,381,1354,329,23,603,22867
D82041,2020,07,IP242AG,1943,25,1782,1791,368,1439,110,5,489,20923
D82042,2020,07,NR162AD,1147,17,1527,1548,285,1256,97,9,218,16428
D82043,2020,07,PE330TU,1200,19,1355,1397,334,1070,85,1,381,16907
D82044,2020,07,PE304DY,5204,119,7414,7441,1391,6687,722,2,1092,78154
D82045,2020,07,NR180RF,2385,39,2505,2509,508,2004,249,1,512,30632
D82046,2020,07,IP214TX,1034,21,1091,1095,184,939,39,0,290,12441
D82047,2020,07,NR33DL,1421,13,872,873,225,865,273,9,346,13356
D82048,2020,07,NR79QL,1527,35,1531,1540,208,1062,223,4,341,18145
D82049,2020,07,PE322NW,696,13,1413,1449,439,1210,56,3,156,14090
D82050,2020,07,NR192EN,1473,36,1431,1438,219,1103,138,0,320,17524
D82051,2020,07,PE305SY,2971,42,3078,3087,673,2454,519,0,633,34937
D82053,2020,07,NR118AR,1192,26,1551,1560,296,1132,87,4,285,17895
D82054,2020,07,NR218SY,2618,50,3368,3384,501,2628,212,7,648,35170
D82056,2020,07,NR205JS,1680,56,2186,2266,439,1939,69,8,420,23021
D82057,2020,07,PE377RD,1222,20,1960,1969,450,1444,102,1,378,20825
D82058,2020,07,NR293RW,2573,43,3720,3734,757,2642,88,5,543,38316
D82059,2020,07,NR280BQ,1811,40,2589,2599,510,1953,179,6,473,23956
D82060,2020,07,NR23QX,989,17,542,545,132,509,87,6,197,9606
D82062,2020,07,NR127HA,1749,62,1821,1834,308,1548,86,2,449,19703
D82063,2020,07,IP256FA,2038,31,2731,2740,558,1865,131,3,387,25869
D82064,2020,07,NR46TA,2645,32,3364,3375,544,2492,189,12,529,34508
D82065,2020,07,PE377QN,1382,28,1759,1768,430,1640,152,13,318,21343
D82066,2020,07,NR280BQ,1321,23,1553,1559,291,1353,85,5,361,16210
D82067,2020,07,NR302HW,2211,16,1431,1448,360,1305,75,2,787,22947
D82068,2020,07,PE389AF,1155,25,1554,1568,296,1261,77,0,372,18111
D82070,2020,07,PE322JQ,1041,21,1615,1623,290,969,107,0,221,15491
D82071,2020,07,NR70AJ,2111,55,2541,2552,457,2167,278,10,392,26817
D82072,2020,07,PE318DH,866,14,1184,1191,192,680,151,11,213,13246
D82073,2020,07,NR14NU,1471,37,1049,1051,227,909,217,17,412,14991
D82076,2020,07,NR34LE,1495,20,1168,1174,243,949,137,37,425,14821
D82078,2020,07,NR147JT,1003,19,1202,1222,225,999,105,8,259,14219
D82079,2020,07,IP264AY,1043,31,1459,1462,390,1225,63,0,228,14750
D82080,2020,07,NR134PL,1465,34,1342,1355,306,1383,69,1,480,17413
D82084,2020,07,IP209AT,1238,13,1668,1673,255,1219,98,1,201,18174
D82085,2020,07,NR94JB,1085,15,1078,1081,206,811,129,2,234,13256
D82087,2020,07,NR32HW,1459,20,714,716,196,686,94,18,375,11021
D82088,2020,07,NR47TJ,882,0,99,99,34,60,15,1,380,3999
D82096,2020,07,NR33UA,1138,3,719,723,213,570,129,8,294,10669
D82099,2020,07,PE305QX,2089,24,1727,1746,358,1264,328,31,549,22451
D82100,2020,07,IP257LA,645,10,1210,1212,197,895,31,0,138,9622
D82104,2020,07,NR133RA,1684,53,2102,2126,390,1545,139,12,367,23374
D82105,2020,07,PE344LZ,1170,25,1670,1674,281,1014,47,4,143,14881
D82106,2020,07,NR24BX,602,17,512,512,98,393,54,0,195,5944
D82600,2020,07,NR293AW,160,4,436,446,67,218,21,0,24,3386
D82604,2020,07,PE339AG,251,4,485,488,98,366,16,0,85,4579
D82618,2020,07,PE303PT,597,9,652,659,95,548,43,8,193,7746
D82621,2020,07,PE377HJ,1069,29,1676,1685,412,1166,86,1,234,17200
D82624,2020,07,NR180AF,881,15,750,752,161,713,74,4,260,8570
D82628,2020,07,NR117NP,444,9,904,905,129,449,33,0,102,6444
D83001,2020,07,CO76RT,1246,29,2155,2170,191,1667,57,0,395,20915
D83002,2020,07,NR321PL,2324,8,1934,1970,425,1547,198,1,597,25194
D83003,2020,07,CB88XU,707,31,1417,1423,219,1008,19,0,172,11655
D83004,2020,07,IP39BN,1206,25,1444,1454,209,1057,74,0,292,16582
D83005,2020,07,IP331LU,2184,29,3121,3148,399,2069,200,5,556,29584
D83006,2020,07,IP77EX,933,41,1554,1559,215,1193,35,5,205,14224
D83007,2020,07,IP312HD,1445,36,1863,1875,215,1247,40,0,188,18173
D83008,2020,07,IP12EU,2139,33,2737,2748,554,2031,110,0,539,27510
D83009,2020,07,NR349NX,2378,53,2361,2391,407,1513,196,4,516,30234
D83010,2020,07,NR337QA,1362,44,1573,1588,343,1199,131,7,336,17890
D83011,2020,07,NR323LJ,1378,29,1502,1510,258,1311,101,2,270,19448
D83012,2020,07,CB98LU,2592,65,3551,3567,533,2575,108,0,596,31912
D83013,2020,07,IP331ET,1937,46,2977,3001,579,2586,109,0,544,28168
D83014,2020,07,CO109EP,1438,38,2511,2529,323,2326,69,0,434,22241
D83015,2020,07,IP117DD,1080,24,1346,1355,167,742,78,0,250,15096
D83016,2020,07,NR339LU,1555,11,1251,1282,291,1015,147,1,324,16917
D83017,2020,07,IP68EZ,2118,48,2909,2942,457,2087,118,0,415,29815
D83018,2020,07,IP287EG,1918,37,2454,2479,478,1788,79,0,583,24701
D83019,2020,07,IP145SQ,1438,57,1656,1667,272,1271,91,0,299,17361
D83020,2020,07,IP92QS,1172,34,1665,1678,206,1339,46,5,276,17282
D83021,2020,07,CB98HF,2450,46,2862,2878,494,2266,128,0,535,29123
D83022,2020,07,IP186GY,670,27,1163,1172,170,843,41,3,151,10580
D83023,2020,07,NR321JE,2483,38,1559,1573,356,1251,219,12,546,24962
D83024,2020,07,IP13QW,1237,28,1361,1366,207,861,43,0,188,15465
D83026,2020,07,IP139HA,1144,43,1994,1999,283,1270,51,0,271,17715
D83027,2020,07,CB88NU,1679,25,1823,1832,314,1449,109,0,484,19623
D83028,2020,07,IP164ES,1275,39,1623,1631,248,1116,52,0,242,16303
D83029,2020,07,CB88NW,2259,46,2503,2527,462,1976,124,0,426,27203
D83030,2020,07,NR330HF,1338,10,888,895,206,731,206,8,352,11165
D83033,2020,07,IP221DW,1312,25,2089,2120,316,1374,73,2,307,18942
D83034,2020,07,NR351LP,2113,48,2557,2571,503,1999,106,6,454,27040
D83035,2020,07,IP198SG,1822,47,2106,2126,234,1688,171,11,333,24272
D83037,2020,07,IP75DN,2185,73,3391,3409,496,2495,101,2,543,33211
D83038,2020,07,IP327EW,2156,43,2470,2489,303,1996,152,0,665,25596
D83039,2020,07,IP16DW,2234,37,2348,2357,498,1835,84,0,583,24853
D83040,2020,07,IP333BB,1680,49,1971,1997,307,1449,111,4,416,20833
D83041,2020,07,IP146QU,964,17,1799,1811,201,1194,63,0,161,14578
D83043,2020,07,IP237DD,792,23,1271,1274,149,782,42,0,204,11289
D83044,2020,07,IP141NL,3112,69,4186,4210,594,3055,115,1,753,38440
D83045,2020,07,IP279EP,638,5,991,1017,202,698,33,0,142,9210
D83046,2020,07,IP45PB,2332,58,2385,2397,314,1682,148,5,647,29687
D83047,2020,07,NR338LG,1963,22,1808,1829,401,1506,134,6,504,24393
D83048,2020,07,IP119GA,2705,46,3992,4011,550,3024,172,0,658,37520
D83049,2020,07,IP121EE,1042,35,1388,1396,155,1017,83,3,264,14040
D83050,2020,07,IP15EN,1122,11,1594,1600,181,988,55,0,298,13719
D83051,2020,07,IP38DN,2068,38,1871,1885,296,1289,82,0,500,21684
D83053,2020,07,IP171DY,1185,21,1891,1905,301,1253,34,3,172,16636
D83054,2020,07,IP123DA,1156,56,2059,2064,224,1482,72,1,220,18191
D83055,2020,07,IP309QU,2336,43,3596,3620,605,2583,85,2,603,32477
D83056,2020,07,IP20QQ,1462,37,1030,1030,161,667,117,0,336,14921
D83057,2020,07,IP124FD,1891,50,2971,2974,325,1877,71,0,439,25572
D83058,2020,07,IP14BX,1318,26,2061,2071,257,1536,33,0,294,15828
D83059,2020,07,IP13NQ,2802,38,2089,2102,382,1651,129,0,640,28297
D83060,2020,07,CO102AY,4389,134,4762,4786,712,3760,307,12,1022,53868
D83061,2020,07,IP130SB,1316,30,1845,1853,224,1365,37,2,297,17859
D83062,2020,07,IP270BU,1420,11,1971,1981,313,1394,50,1,366,18401
D83064,2020,07,CO107RF,873,24,1152,1160,210,872,31,0,228,11074
D83067,2020,07,CB88HP,716,12,1051,1054,173,718,50,0,191,9598
D83069,2020,07,IP215PJ,611,15,1209,1216,109,714,38,0,129,10668
D83070,2020,07,IP312XA,802,7,1182,1190,214,992,36,2,138,11605
D83073,2020,07,IP42PZ,511,13,547,547,86,279,17,0,95,5967
D83074,2020,07,IP42PZ,1503,19,1192,1199,231,902,76,0,434,14620
D83075,2020,07,CO102DZ,1654,34,1642,1650,252,1303,113,0,352,19374
D83076,2020,07,CO108NY,414,12,607,610,106,409,29,0,93,6634
D83078,2020,07,IP288LB,1431,20,1315,1322,227,918,68,0,320,14684
D83079,2020,07,IP142SY,1567,28,1726,1733,237,1142,87,17,291,18038
D83080,2020,07,IP53SL,665,24,861,866,92,642,63,0,164,9352
D83081,2020,07,IP112XD,1256,23,998,1006,202,680,44,4,291,12839
D83084,2020,07,IP51JF,535,12,758,765,114,587,39,0,162,8795
D83608,2020,07,NR339DF,897,8,846,851,175,700,134,2,167,11790
D83610,2020,07,IP331AE,1770,38,2022,2035,291,1388,53,0,580,19530
D83615,2020,07,IP60DJ,564,1,654,662,109,475,18,0,130,5917
E81001,2020,07,LU20NN,242,4,374,380,126,302,59,0,87,4659
E81002,2020,07,MK452SB,994,26,1375,1377,141,915,49,0,287,11907
E81003,2020,07,LU71AR,2096,34,3263,3288,237,2273,107,0,597,28601
E81004,2020,07,LU71RS,1269,27,2287,2309,297,1354,121,9,336,19080
E81005,2020,07,LU11BW,561,23,1391,1399,346,918,50,0,94,12392
E81006,2020,07,LU29AU,548,30,1065,1081,201,681,52,4,108,10942
E81007,2020,07,MK437DX,502,20,1298,1300,154,869,25,0,17,10385
E81008,2020,07,LU40TR,1879,51,2701,2745,535,1974,62,0,534,27374
E81009,2020,07,LU61SF,1056,22,1451,1457,177,896,112,0,291,15358
E81010,2020,07,LU49QZ,546,17,702,713,217,495,100,7,152,10336
E81012,2020,07,SG192QS,1303,43,2118,2129,242,1429,52,0,282,19936
E81013,2020,07,LU13AG,945,16,1165,1172,215,894,125,1,272,14192
E81014,2020,07,LU63SU,1170,38,1377,1389,258,987,102,0,321,16415
E81015,2020,07,MK451DW,1543,40,2378,2391,285,1801,85,0,392,21162
E81016,2020,07,LU48DG,300,11,627,630,185,415,16,0,93,7017
E81018,2020,07,LU31RW,707,53,1253,1266,347,932,130,0,192,15947
E81019,2020,07,MK420NT,1575,53,1741,1748,336,1185,92,0,484,20908
E81021,2020,07,MK404HR,741,19,1299,1310,352,991,80,0,187,15426
E81022,2020,07,SG54HB,1230,38,2351,2357,183,1489,47,1,307,17994
E81024,2020,07,MK441PZ,630,30,1077,1079,176,796,31,0,95,11244
E81025,2020,07,LU49FJ,249,8,605,613,118,391,55,0,99,6458
E81026,2020,07,LU29SB,599,12,745,749,159,624,48,0,143,9034
E81027,2020,07,LU55EZ,703,12,920,931,167,721,67,0,225,11369
E81028,2020,07,LU31HA,750,15,1379,1390,563,1115,57,0,220,15915
E81029,2020,07,MK419JE,1091,52,1628,1636,194,1205,70,1,344,18283
E81030,2020,07,MK429DJ,561,7,961,967,280,599,43,0,162,9531
E81031,2020,07,MK443HX,532,17,1279,1283,164,740,56,0,93,9126
E81032,2020,07,LU11HH,1744,42,2024,2042,397,1357,240,15,470,24456
E81033,2020,07,SG175FS,2052,75,3305,3335,191,2239,252,1,597,30521
E81034,2020,07,LU56DE,563,18,972,982,102,700,36,0,170,9528
E81035,2020,07,SG191JQ,1008,25,1712,1717,232,1156,72,0,209,15074
E81036,2020,07,SG180RA,1459,31,2328,2337,226,1504,108,8,323,21730
E81037,2020,07,MK402TX,3465,138,4574,4596,581,3297,422,0,1069,50509
E81038,2020,07,MK428QD,1419,48,2123,2134,344,1542,124,0,414,22098
E81040,2020,07,LU33AH,851,42,1606,1614,312,1129,63,0,191,14900
E81041,2020,07,LU32NS,684,27,968,976,307,754,127,0,171,12264
E81043,2020,07,MK430HZ,599,14,752,764,111,544,60,0,168,9167
E81044,2020,07,LU71LB,1969,45,3343,3359,357,2232,122,0,617,28163
E81045,2020,07,LU54RS,835,16,1228,1233,166,916,65,1,204,13082
E81046,2020,07,MK454TA,1126,34,2540,2555,205,1856,72,0,303,20847
E81047,2020,07,MK403DB,948,50,998,1003,130,768,114,0,265,12771
E81048,2020,07,LU11RW,470,18,836,838,229,644,37,0,140,9452
E81049,2020,07,MK416GA,439,24,976,986,167,632,48,0,123,9725
E81050,2020,07,MK178QP,1086,26,2271,2273,160,1577,70,0,328,18297
E81052,2020,07,LU63JH,775,16,1010,1026,119,720,66,1,209,11985
E81056,2020,07,MK428EP,463,19,665,666,99,410,57,0,150,6731
E81057,2020,07,SG188DJ,2543,57,3707,3721,327,2702,203,0,780,35500
E81060,2020,07,MK402DQ,529,21,749,750,134,623,59,0,135,8616
E81061,2020,07,SG166JJ,507,15,955,962,136,735,40,0,91,8648
E81063,2020,07,LU48JD,353,14,847,851,524,926,11,0,72,10487
E81064,2020,07,LU34BG,306,10,538,541,94,359,36,0,64,5902
E81065,2020,07,LU48BY,102,7,274,274,125,228,21,0,12,3408
E81069,2020,07,LU14EE,593,20,863,868,125,805,39,0,135,9768
E81073,2020,07,LU13UA,1209,21,1254,1266,301,829,231,3,315,15589
E81074,2020,07,MK452TG,1491,60,1981,1991,153,1656,64,0,425,20563
E81076,2020,07,LU40PF,297,21,595,596,168,489,24,0,108,6212
E81077,2020,07,MK452SB,815,32,989,993,80,690,56,0,174,9248
E81611,2020,07,MK403PX,236,13,339,342,67,246,19,2,45,4099
E81612,2020,07,LU49NN,351,11,791,800,312,588,65,0,96,8110
E81615,2020,07,MK401DS,166,1,264,266,102,216,17,0,35,2846
E81617,2020,07,LU29AU,265,6,534,537,124,375,11,0,83,5609
E81631,2020,07,LU31BD,135,4,332,335,149,272,11,0,45,3231
E81632,2020,07,LU34AD,551,51,1018,1031,213,771,56,0,190,10247
E81633,2020,07,LU32JG,143,3,244,246,73,173,13,0,37,2829
E81635,2020,07,LU54RU,192,6,296,303,18,223,9,0,48,3344
E82001,2020,07,HP236PU,3482,107,6680,6754,909,3890,168,8,1069,52966
E82002,2020,07,AL100BS,906,32,1475,1495,342,976,45,0,264,14851
E82004,2020,07,AL13FY,315,1,958,960,362,663,16,0,29,7224
E82005,2020,07,SG13QA,4091,105,5221,5256,1296,3921,95,0,869,51261
E82006,2020,07,EN118EP,738,66,2010,2025,311,1375,14,0,161,14421
E82007,2020,07,SG141JA,966,29,1452,1464,223,919,62,0,238,14227
E82008,2020,07,SG64TS,1458,115,2064,2086,519,1630,69,0,416,20986
E82009,2020,07,HP39SQ,1238,43,1930,1936,393,1411,176,0,358,18637
E82012,2020,07,WD61PR,902,28,1351,1360,314,917,111,0,219,16242
E82013,2020,07,WD187QR,2695,143,4108,4137,1034,3316,146,0,609,41888
E82014,2020,07,AL35NP,1721,100,2377,2392,503,1716,78,2,499,23796
E82015,2020,07,WD171LS,869,35,1428,1445,383,1029,59,0,237,13635
E82017,2020,07,WD259GP,621,50,1550,1551,339,908,19,0,103,11863
E82018,2020,07,AL100NL,1513,50,1983,2003,459,1422,95,0,429,21583
E82019,2020,07,AL69EF,1999,110,4070,4097,611,2966,141,0,418,35948
E82020,2020,07,WD197RU,691,27,1025,1050,246,832,90,0,84,10838
E82021,2020,07,SG106DE,702,26,1498,1511,158,953,32,0,141,12115
E82022,2020,07,HP25BL,1615,57,1934,1945,483,1558,151,6,450,23968
E82023,2020,07,AL108HP,963,13,1612,1642,375,1163,25,0,268,15667
E82024,2020,07,SG141HZ,1540,105,2659,2673,441,1786,87,1,474,23028
E82027,2020,07,EN61QH,774,108,1372,1407,258,1034,59,0,174,14556
E82031,2020,07,AL13JB,1255,59,1721,1759,468,1095,90,1,403,18466
E82032,2020,07,HP39LY,1711,26,2377,2393,619,1976,111,3,440,25328
E82035,2020,07,SG36ER,1586,86,2481,2496,521,1763,56,0,404,24742
E82037,2020,07,AL52BT,874,90,1669,1699,279,1344,53,0,258,16564
E82038,2020,07,SG111TF,632,17,890,890,160,585,61,0,203,9798
E82040,2020,07,AL73UJ,3523,98,3935,3972,972,3231,176,1,969,43907
E82041,2020,07,AL86EH,1291,34,1718,1730,375,1207,46,0,372,17209
E82042,2020,07,EN87LJ,1063,69,1825,1844,536,1323,95,0,170,18375
E82043,2020,07,WD63BJ,1219,89,1673,1694,380,1342,135,0,321,19599
E82044,2020,07,SG49TH,1184,83,1803,1820,371,1362,37,0,334,18220
E82045,2020,07,WD180JP,1525,85,2528,2561,1059,2023,100,25,369,26211
E82046,2020,07,WD50AJ,969,59,1767,1785,303,1278,62,0,203,16683
E82048,2020,07,WD64PT,512,10,777,789,218,665,28,0,139,8408
E82049,2020,07,WD33LG,297,29,558,561,82,458,11,0,64,5314
E82050,2020,07,HP26AD,363,5,695,697,159,432,14,0,109,5852
E82051,2020,07,HP24HY,1248,30,1988,2002,519,1522,65,0,385,20243
E82053,2020,07,SG51LH,1525,88,2634,2658,477,1810,94,0,254,24822
E82055,2020,07,AL23JX,837,19,1372,1388,206,1049,45,0,254,14264
E82056,2020,07,SG29QZ,836,22,1442,1454,313,1113,26,0,143,13513
E82058,2020,07,AL97SN,772,47,1320,1327,282,969,33,0,251,12274
E82059,2020,07,AL35NF,791,33,1277,1303,248,768,53,0,205,12570
E82060,2020,07,AL13HD,1562,86,2384,2432,589,1869,46,0,356,24791
E82061,2020,07,EN118FG,1198,37,2021,2035,412,1552,62,0,304,20437
E82062,2020,07,AL74PL,1601,100,2285,2332,475,1794,78,2,449,24762
E82063,2020,07,EN106FD,1432,55,2144,2170,393,1508,98,0,435,19158
E82064,2020,07,WD35EA,252,6,683,692,112,387,21,2,44,6496
E82066,2020,07,WD49HA,172,10,349,351,38,194,14,0,37,2690
E82067,2020,07,CM232LY,1492,29,2557,2582,415,2028,76,0,465,22378
E82068,2020,07,WD37DJ,821,18,2062,2076,382,1438,41,0,271,16333
E82069,2020,07,WD174NT,393,40,661,664,187,475,44,0,91,6863
E82070,2020,07,HP27RJ,249,4,443,467,150,326,42,0,41,4400
E82071,2020,07,AL54QA,649,62,1371,1381,173,893,91,6,225,13686
E82072,2020,07,SG87BS,1327,30,1872,1883,250,1487,34,0,446,18050
E82073,2020,07,WD232NN,1953,100,2927,2961,672,2050,156,0,574,30328
E82074,2020,07,CM233AP,1994,74,3760,3781,525,2643,134,0,427,30436
E82075,2020,07,SG51LL,1232,88,1393,1399,337,1223,32,0,320,17919
E82077,2020,07,AL54HX,653,19,844,863,189,727,42,0,218,10721
E82078,2020,07,EN65DA,759,67,1304,1320,185,883,39,1,229,12296
E82079,2020,07,EN75DL,1173,64,1726,1747,381,1454,135,0,227,17059
E82081,2020,07,EN64JA,987,80,2718,2744,450,1918,86,2,145,20959
E82082,2020,07,SG64UB,1785,115,2431,2444,522,1760,70,0,316,25057
E82083,2020,07,WD37DJ,771,51,1579,1584,260,1011,114,0,179,15369
E82084,2020,07,AL35HB,1006,62,1342,1355,292,965,57,0,346,15403
E82085,2020,07,WD77JQ,1148,79,1963,2011,434,1504,127,0,266,21469
E82086,2020,07,SG13HT,1627,51,2301,2318,600,1875,42,0,316,23243
E82088,2020,07,EN119FF,911,35,1151,1155,260,901,38,0,219,12371
E82089,2020,07,SG20HN,1443,76,2435,2457,540,1785,24,0,318,25058
E82090,2020,07,EN107NQ,865,74,2210,2220,364,1674,89,0,198,19563
E82091,2020,07,HP12LD,1863,49,2592,2627,444,1740,88,4,413,25041
E82092,2020,07,SG129HJ,1447,89,2438,2451,397,1676,56,0,392,22892
E82093,2020,07,SG11LQ,1835,67,2689,2724,439,1909,47,0,322,23985
E82094,2020,07,HP42DL,565,39,953,966,111,602,60,0,159,9838
E82096,2020,07,WD257NL,757,77,1292,1302,284,825,64,0,132,12484
E82098,2020,07,EN65DA,519,30,1043,1045,155,702,56,0,146,9793
E82099,2020,07,SG76BP,1519,70,2059,2072,344,1391,40,0,415,19542
E82100,2020,07,CM219AQ,1330,60,2873,2898,428,2238,86,0,332,21918
E82102,2020,07,SG129EF,1812,81,2777,2793,533,1967,115,0,508,26418
E82104,2020,07,SG63JW,595,69,1235,1242,191,875,19,0,128,10188
E82105,2020,07,WD50BT,303,12,555,560,137,401,26,0,89,5068
E82106,2020,07,WD33HD,609,69,1265,1280,201,811,55,0,171,12461
E82107,2020,07,AL21EU,665,32,918,937,289,625,51,0,146,12286
E82111,2020,07,SG12JW,446,27,643,651,147,491,28,0,89,6202
E82113,2020,07,AL21ES,165,19,396,396,86,287,6,0,27,3742
E82115,2020,07,EN76HL,1146,68,2493,2517,465,1636,132,0,293,19869
E82117,2020,07,WD64PR,963,41,1390,1396,386,952,100,0,224,15191
E82121,2020,07,SG143SY,410,11,946,950,123,552,12,0,90,7510
E82123,2020,07,EN88NW,1348,67,2571,2582,501,1842,70,1,325,22594
E82124,2020,07,WD232NN,2471,152,3758,3815,901,2709,160,1,563,37661
E82129,2020,07,WD48ET,1013,27,1613,1634,381,1185,100,0,235,16102
E82130,2020,07,SG99DQ,1040,45,1402,1415,358,1072,46,0,272,15339
E82131,2020,07,HP235AE,249,9,656,660,69,402,15,0,52,4816
E82132,2020,07,SG85PT,967,11,1044,1049,123,744,15,0,233,10035
E82133,2020,07,EN80BX,561,37,1438,1447,256,962,46,0,118,10903
E82626,2020,07,SG48AG,234,8,581,583,80,381,9,0,35,4260
E82638,2020,07,EN87DJ,687,38,1015,1019,318,732,33,1,128,10600
E82640,2020,07,HP25TA,810,6,1040,1052,273,800,40,4,324,10003
E82641,2020,07,SG27QX,641,10,835,847,191,632,48,3,158,9360
E82643,2020,07,HP30HJ,140,1,273,274,36,165,23,0,35,2619
E82644,2020,07,HP27PQ,258,2,249,259,78,223,7,0,86,2847
E82652,2020,07,HP41DL,225,0,393,396,151,318,11,7,46,3680
E82654,2020,07,CM235JH,559,11,945,946,196,760,30,0,136,8921
E82655,2020,07,WD197SF,403,27,521,526,156,385,17,0,70,5592
E82657,2020,07,WD231EZ,441,44,915,926,203,699,64,0,89,8627
E82661,2020,07,SG63BJ,981,41,1291,1306,272,852,39,0,268,13411
E83003,2020,07,N200DH,639,59,1083,1092,137,843,66,1,162,12176
E83005,2020,07,N32JP,364,17,450,456,107,362,36,15,129,5616
E83006,2020,07,NW21HS,439,24,564,570,145,412,53,14,121,6853
E83007,2020,07,N32AU,284,50,759,784,158,562,10,0,65,5930
E83008,2020,07,N20EQ,719,79,869,884,158,836,68,0,273,9758
E83009,2020,07,NW117TE,660,67,966,993,119,672,119,0,237,10692
E83010,2020,07,N129SS,629,67,858,877,176,727,81,1,170,11329
E83011,2020,07,NW95XT,576,42,1008,1021,193,710,36,2,127,9978
E83012,2020,07,EN54BB,484,19,691,702,77,493,63,4,117,8481
E83013,2020,07,N31LD,299,23,441,452,73,320,25,0,72,5130
E83016,2020,07,NW72HX,1016,106,1816,1848,293,1375,130,8,292,18961
E83017,2020,07,EN54HT,773,77,1288,1324,107,877,70,0,165,13765
E83018,2020,07,HA80NR,1112,75,2389,2412,437,1556,128,0,226,22270
E83020,2020,07,NW44QR,728,90,1102,1103,181,814,83,0,236,12483
E83021,2020,07,N129SS,816,121,1122,1160,181,869,112,7,235,14717
E83024,2020,07,N209EX,591,125,1143,1155,161,933,36,0,161,12692
E83025,2020,07,NW21PA,437,61,944,951,241,623,81,0,131,10591
E83026,2020,07,N32JX,243,20,541,550,115,363,58,0,66,5552
E83027,2020,07,NW119AY,707,94,815,822,182,678,119,0,194,11970
E83028,2020,07,HA80RW,494,22,623,627,128,457,56,0,93,6796
E83030,2020,07,HA89TN,415,32,753,770,120,565,50,0,133,8669
E83031,2020,07,EN48RF,270,29,521,528,43,356,24,1,72,5528
E83032,2020,07,HA80AP,859,73,1751,1776,483,1344,72,0,195,19221
E83034,2020,07,N101ET,449,45,826,840,113,732,40,0,66,9134
E83035,2020,07,N31YL,571,95,1349,1373,290,1030,92,0,139,14348
E83036,2020,07,EN52ED,348,16,483,488,77,356,84,19,84,5988
E83037,2020,07,N200QQ,372,46,505,510,81,379,34,0,104,6865
E83038,2020,07,HA88NB,522,92,1196,1210,332,1104,53,0,129,13204
E83039,2020,07,NW118BB,243,40,467,471,76,318,38,0,48,4774
E83041,2020,07,NW90TA,215,11,499,503,128,380,50,0,31,4915
E83044,2020,07,EN51QH,528,41,709,719,92,520,63,0,140,8795
E83045,2020,07,N113BU,438,31,899,914,150,583,50,0,138,9173
E83046,2020,07,NW73QB,472,44,950,956,209,676,41,0,151,8903
E83049,2020,07,NW71GR,504,30,671,677,137,608,62,0,136,7768
E83050,2020,07,N29QD,523,60,607,616,119,460,55,3,149,7498
E83053,2020,07,HA89GJ,865,123,1603,1618,340,1359,83,5,254,18512
E83600,2020,07,NW117NP,434,83,524,539,109,485,45,0,106,8267
E83613,2020,07,EN48QZ,573,63,1094,1107,162,861,53,0,143,11104
E83621,2020,07,N111EY,514,68,1117,1125,226,899,14,0,147,10720
E83622,2020,07,NW117TE,340,40,636,647,110,439,48,5,92,6801
E83637,2020,07,NW96DJ,275,33,728,734,173,461,27,0,90,6110
E83638,2020,07,N33NR,297,21,604,617,72,401,45,0,68,5792
E83639,2020,07,N32QN,271,14,401,409,115,406,11,0,92,5548
E83649,2020,07,NW118NH,227,5,247,248,54,187,34,0,76,3601
E83650,2020,07,EN51RS,68,6,223,228,8,173,0,0,18,1806
E83653,2020,07,NW44AE,796,59,1094,1132,245,810,56,3,233,12363
E83657,2020,07,NW41DG,78,5,169,174,67,133,25,0,29,2013
E83668,2020,07,HA89NT,167,19,445,447,162,329,14,2,39,3877
E84002,2020,07,HA99HA,246,26,607,614,136,438,20,0,99,7015
E84003,2020,07,HA04UZ,246,24,1106,1110,353,702,10,0,48,8861
E84004,2020,07,HA37LT,438,26,1292,1302,294,960,45,0,91,12470
E84005,2020,07,HA29JH,277,34,898,907,248,677,47,0,73,8469
E84006,2020,07,NW105UY,829,84,2427,2468,750,1635,63,0,196,24783
E84007,2020,07,HA99TW,343,51,1188,1200,291,805,23,0,93,10274
E84008,2020,07,HA28RS,600,61,2034,2052,572,1362,48,0,191,16931
E84009,2020,07,HA35HF,931,96,1915,1932,539,1657,121,0,316,23323
E84011,2020,07,NW109AR,188,17,570,577,154,433,22,0,44,4806
E84012,2020,07,NW23PS,581,12,911,930,278,645,55,0,150,10196
E84013,2020,07,NW109HP,447,42,1236,1241,399,851,29,2,129,11632
E84014,2020,07,HA85AT,445,33,1450,1472,361,1171,34,0,100,12535
E84015,2020,07,NW99AD,725,32,1954,1969,565,1266,31,4,197,16876
E84017,2020,07,HA01EZ,342,71,999,1009,460,828,19,0,98,10352
E84018,2020,07,HA39BP,299,42,1165,1171,379,834,19,0,96,10232
E84020,2020,07,HA85LP,409,30,882,900,259,734,45,2,88,8677
E84021,2020,07,NW102PT,726,25,1796,1822,608,1294,56,0,179,17702
E84022,2020,07,HA20UE,337,17,719,726,246,436,20,5,100,7803
E84024,2020,07,HA53EE,886,102,2726,2757,366,1878,105,13,248,24062
E84025,2020,07,NW66RR,876,54,1627,1635,415,1113,68,0,257,17256
E84028,2020,07,NW108RY,330,21,1157,1170,380,780,34,0,81,10026
E84030,2020,07,NW108RY,278,19,962,963,382,651,35,0,51,10103
E84031,2020,07,NW108TF,746,17,1402,1411,581,924,27,0,255,12953
E84032,2020,07,HA99FX,591,16,1090,1095,488,828,53,17,138,12342
E84033,2020,07,HA99FX,372,17,598,608,174,435,26,0,62,7051
E84036,2020,07,NW26JH,625,17,1470,1472,604,1036,29,0,175,13430
E84039,2020,07,HA71JP,484,52,1630,1642,528,1246,45,0,130,16234
E84040,2020,07,HA14JS,172,7,621,628,205,472,14,0,24,5454
E84042,2020,07,NW65AY,373,18,596,599,206,408,28,14,86,7784
E84044,2020,07,HA12NU,494,71,1061,1072,258,721,59,15,153,12036
E84048,2020,07,NW99SB,237,23,919,929,280,646,11,0,46,8483
E84049,2020,07,NW99BY,263,8,564,583,195,471,16,0,68,5768
E84051,2020,07,HA04JF,324,40,855,855,343,742,7,0,106,9273
E84053,2020,07,HA54RD,167,15,725,735,185,427,25,0,28,6498
E84057,2020,07,HA71HS,913,73,2258,2281,439,1564,84,0,217,21345
E84058,2020,07,HA20RQ,915,21,2016,2038,682,1647,61,0,285,22803
E84059,2020,07,UB60RA,231,48,841,841,276,738,7,0,55,6850
E84061,2020,07,HA54EA,552,84,1575,1584,374,1156,40,0,177,15758
E84062,2020,07,HA20AH,303,40,880,888,314,547,23,0,67,7126
E84063,2020,07,HA02AL,101,9,439,439,176,360,10,0,37,3839
E84066,2020,07,HA96PW,380,39,1590,1612,699,1169,21,0,101,14188
E84067,2020,07,NW98LU,235,4,825,831,479,594,9,0,27,7155
E84068,2020,07,HA27DU,844,86,2915,2945,800,2260,102,120,223,25308
E84069,2020,07,HA37LT,491,19,1539,1544,465,1141,62,13,176,14330
E84070,2020,07,HA14QG,183,24,604,613,171,412,7,0,44,4953
E84074,2020,07,NW104ST,426,23,1017,1026,384,666,33,5,129,9183
E84075,2020,07,HA85QL,122,0,580,581,228,398,5,0,43,4766
E84076,2020,07,NW26EA,381,53,987,996,257,554,23,0,65,9148
E84078,2020,07,NW90EF,133,6,733,737,213,535,10,0,47,5449
E84080,2020,07,NW25HA,458,49,883,892,233,642,29,0,118,9390
E84083,2020,07,HA13QE,141,17,838,844,151,575,19,0,61,7190
E84086,2020,07,NW24RT,296,6,473,481,119,308,26,0,86,5017
E84601,2020,07,HA30YX,251,22,660,666,185,407,44,5,70,7043
E84617,2020,07,HA11SE,141,9,533,537,192,338,16,1,42,4140
E84620,2020,07,HA98LB,156,12,669,671,276,538,11,0,36,5782
E84626,2020,07,HA04UZ,167,1,559,568,187,354,9,0,31,4575
E84635,2020,07,HA96QL,171,5,609,611,280,428,8,0,40,4831
E84637,2020,07,NW108RY,202,13,547,547,168,346,12,0,55,3774
E84638,2020,07,HA04JB,92,19,842,852,298,687,2,0,46,6101
E84645,2020,07,NW107NS,328,19,923,924,330,531,20,3,78,8552
E84646,2020,07,HA39BL,40,3,235,237,105,174,0,0,17,2440
E84647,2020,07,HA30UQ,85,18,581,631,220,379,14,0,17,4564
E84653,2020,07,HA80AD,75,0,228,230,123,203,2,0,14,2786
E84656,2020,07,NW103RY,172,1,520,520,189,298,13,9,46,4821
E84658,2020,07,HA35LE,219,11,939,943,269,631,26,0,53,7702
E84663,2020,07,HA30YX,160,6,598,604,183,377,16,0,26,5594
E84665,2020,07,NW27SA,400,17,1537,1559,189,1055,24,1,81,11221
E84674,2020,07,NW23AN,267,5,559,571,233,383,26,8,38,5446
E84676,2020,07,HA26LY,120,4,689,690,334,492,7,0,30,4876
E84678,2020,07,HA98JZ,66,6,455,457,159,274,5,0,8,3049
E84680,2020,07,HA11PG,159,4,486,489,144,281,5,0,28,4358
E84681,2020,07,HA11RQ,123,8,284,287,108,223,16,0,33,3231
E84684,2020,07,HA99DS,175,34,626,638,254,474,10,0,25,5987
E84685,2020,07,HA03HG,294,39,973,980,452,856,4,2,78,11279
E84693,2020,07,HA14BS,531,27,721,735,164,520,68,15,157,8207
E84699,2020,07,NW90QP,90,2,352,362,97,265,6,3,21,3244
E84701,2020,07,HA04UZ,105,27,400,401,183,332,3,0,23,3468
E84702,2020,07,NW23UY,462,1,456,460,152,473,33,0,80,7048
E84704,2020,07,NW26JH,130,2,297,297,111,181,14,0,32,2586
E84709,2020,07,HA98HD,479,25,937,944,262,769,30,0,109,10833
E84713,2020,07,HA37LT,170,3,466,468,120,330,25,0,46,4649
E85001,2020,07,TW74HQ,563,57,1545,1558,416,1207,62,0,156,12793
E85003,2020,07,W149PR,1202,19,1529,1540,523,1265,110,54,399,17654
E85004,2020,07,TW88DS,571,41,1223,1227,302,917,54,0,109,11875
E85005,2020,07,W120PT,209,13,472,472,146,374,8,0,75,4076
E85006,2020,07,UB24XQ,272,13,743,745,317,566,10,0,84,7018
E85007,2020,07,TW11NE,996,42,1354,1360,418,847,124,0,348,15220
E85008,2020,07,SW61TN,589,34,916,918,254,693,60,0,211,9095
E85012,2020,07,UB13HY,449,45,1485,1490,495,1278,30,0,71,14162
E85013,2020,07,W71DR,209,30,350,350,95,273,14,0,53,3741
E85014,2020,07,W139QP,416,29,898,898,155,709,51,0,89,8925
E85015,2020,07,TW33ET,282,13,1234,1236,561,853,23,0,67,9780
E85016,2020,07,W67HY,895,43,1457,1466,379,1101,39,0,327,13636
E85018,2020,07,TW59ER,80,4,353,354,152,290,5,0,19,3167
E85019,2020,07,W38SA,584,64,1076,1079,265,824,27,6,179,11010
E85020,2020,07,W67EG,863,10,986,991,278,982,59,70,292,13015
E85021,2020,07,UB56LD,331,19,871,881,204,635,10,0,67,8249
E85023,2020,07,UB12RL,188,21,495,498,109,481,11,0,45,5769
E85024,2020,07,TW140AX,310,7,550,553,230,487,14,0,100,5527
E85025,2020,07,SW65PX,496,17,720,724,230,625,61,0,151,8363
E85026,2020,07,W139NZ,848,72,1450,1455,275,1294,71,89,308,16223
E85028,2020,07,W39RA,441,34,948,950,245,709,47,0,109,9403
E85029,2020,07,SW66BQ,1169,13,1924,1932,543,1548,123,43,300,17455
E85030,2020,07,W41RX,401,21,639,640,154,523,38,0,134,6646
E85032,2020,07,W129BP,398,1,759,761,218,611,41,0,195,7071
E85033,2020,07,W69DU,700,29,1091,1097,274,920,57,0,273,11305
E85034,2020,07,W139BE,626,66,1314,1316,430,1123,36,0,268,13575
E85035,2020,07,TW136AJ,305,4,557,562,228,405,38,0,84,5783
E85038,2020,07,SW66JD,252,18,472,473,130,399,34,0,85,5126
E85040,2020,07,W41RX,610,29,1082,1088,195,742,68,6,181,12038
E85041,2020,07,W71DR,219,40,533,537,101,359,31,0,44,5298
E85042,2020,07,W129RD,362,21,469,470,180,456,106,38,168,6357
E85045,2020,07,TW136HD,285,25,466,467,125,349,20,0,101,4804
E85046,2020,07,UB69RB,306,38,792,798,262,655,27,0,93,7680
E85048,2020,07,W127FG,432,6,902,908,340,724,25,0,152,7796
E85049,2020,07,UB25DU,430,54,1615,1616,552,1398,13,0,129,14966
E85050,2020,07,UB68QH,422,60,979,980,206,784,64,2,120,10333
E85051,2020,07,W73AH,475,51,1008,1008,243,746,43,0,145,9880
E85052,2020,07,TW59RG,388,40,1333,1333,576,1009,25,0,125,11042
E85053,2020,07,UB54AT,288,16,461,465,130,404,28,0,85,5327
E85054,2020,07,UB67HQ,319,33,1053,1061,311,853,22,0,107,10480
E85055,2020,07,W128PP,985,9,1416,1428,498,1179,61,22,311,14162
E85056,2020,07,TW134GU,638,8,1048,1051,358,680,44,0,134,9453
E85057,2020,07,W51TP,328,81,720,723,120,623,11,0,110,7486
E85058,2020,07,TW33LN,424,25,1053,1062,401,854,38,0,109,11199
E85059,2020,07,TW33LN,331,25,988,995,313,823,18,0,86,9727
E85060,2020,07,TW32DY,415,23,658,671,187,503,27,0,108,7131
E85061,2020,07,UB24EY,272,7,634,636,274,557,23,0,84,6851
E85062,2020,07,TW31NL,252,1,636,643,255,428,24,0,67,5841
E85064,2020,07,UB56QN,395,20,638,644,116,487,18,0,71,6814
E85066,2020,07,W45LH,127,22,229,230,20,186,18,0,34,2381
E85069,2020,07,UB68RA,368,31,822,824,266,671,40,0,104,7863
E85071,2020,07,TW135AD,147,4,410,414,94,298,3,0,30,3101
E85074,2020,07,W67BL,165,4,329,334,85,255,31,0,44,3285
E85075,2020,07,W41BB,250,38,482,489,148,370,34,0,51,4892
E85077,2020,07,W127LS,179,7,313,314,157,312,15,0,54,3782
E85083,2020,07,UB12TJ,205,9,949,952,327,761,10,0,52,7783
E85088,2020,07,W73DD,560,32,856,856,275,708,40,0,181,8636
E85090,2020,07,UB24EH,127,5,943,943,295,661,25,0,26,7364
E85096,2020,07,UB11BW,237,17,858,860,380,784,33,0,37,9836
E85098,2020,07,UB55RG,236,5,472,478,61,356,26,0,53,4775
E85099,2020,07,W138LA,314,25,349,349,79,328,18,0,134,4191
E85103,2020,07,UB12PH,161,33,875,877,380,713,19,0,40,8358
E85105,2020,07,UB56WL,106,4,274,277,123,258,17,1,47,2733
E85107,2020,07,W38QH,611,20,740,741,221,672,47,0,160,9697
E85108,2020,07,UB55HB,289,25,753,755,187,532,49,0,75,6434
E85109,2020,07,W38QE,183,5,468,468,119,278,19,0,23,3280
E85111,2020,07,UB68HX,194,2,496,497,139,380,22,0,90,4268
E85112,2020,07,UB60PA,153,19,784,786,240,584,3,0,41,5717
E85113,2020,07,TW32DY,306,12,638,639,210,510,23,0,128,6665
E85114,2020,07,UB25QY,435,18,1055,1061,411,789,11,6,108,12400
E85115,2020,07,TW149EF,162,8,380,380,117,364,22,0,45,4205
E85116,2020,07,W71DR,471,26,727,728,107,556,73,0,177,7866
E85118,2020,07,SW61BG,479,20,658,659,177,555,100,0,173,7806
E85119,2020,07,UB11LA,349,6,1148,1155,511,1004,31,42,119,10858
E85120,2020,07,W138ER,519,57,885,885,192,683,54,44,138,10719
E85121,2020,07,UB11EQ,432,23,1222,1227,557,1008,34,0,51,13747
E85122,2020,07,W53TX,794,38,960,962,198,907,141,0,231,13948
E85123,2020,07,W52HS,255,39,378,379,65,341,22,0,124,4160
E85124,2020,07,SW67SX,3644,11,999,1011,264,555,127,0,1724,21829
E85125,2020,07,W140HX,351,0,432,432,104,340,50,1,132,4987
E85126,2020,07,TW33LN,336,13,848,851,328,769,22,0,63,8150
E85127,2020,07,UB54SR,325,19,777,779,176,581,42,0,100,7624
E85128,2020,07,SW62FE,790,22,1120,1141,342,939,65,5,224,12083
E85129,2020,07,UB69EN,332,17,999,999,276,803,7,0,120,7828
E85130,2020,07,W41BB,215,29,521,522,95,423,20,0,66,4864
E85600,2020,07,TW32DY,354,11,847,847,265,685,30,0,108,7479
E85605,2020,07,TW88DS,678,38,1328,1339,421,984,53,0,212,12577
E85617,2020,07,W39BA,103,1,163,164,52,158,11,0,12,2317
E85623,2020,07,UB56WL,42,0,268,268,121,244,6,0,9,2279
E85624,2020,07,W127FG,293,23,1015,1024,449,794,32,0,82,9242
E85625,2020,07,W41RX,174,9,257,258,68,178,12,0,57,2645
E85628,2020,07,W72JJ,434,80,967,973,180,697,11,1,143,9045
E85630,2020,07,W37TY,106,13,268,274,75,278,7,0,27,2804
E85633,2020,07,UB12PT,280,3,789,789,352,768,10,0,43,7022
E85635,2020,07,W37RG,226,9,375,378,91,282,14,0,78,4395
E85636,2020,07,W60QG,667,24,777,779,225,738,57,106,185,10994
E85640,2020,07,W36DL,123,14,225,225,51,238,10,0,21,2832
E85643,2020,07,UB54LZ,174,14,612,615,315,471,27,0,54,5605
E85656,2020,07,UB11HS,190,22,602,604,308,572,12,0,33,6433
E85657,2020,07,W54RH,680,13,1258,1265,272,834,59,0,212,11167
E85658,2020,07,W41NU,94,6,292,292,74,202,4,0,20,2506
E85659,2020,07,W127FG,107,30,249,249,68,183,8,0,25,2263
E85663,2020,07,UB12AY,398,13,1787,1788,766,1527,42,32,40,15922
E85677,2020,07,W36PH,270,30,664,665,178,542,48,32,79,6155
E85680,2020,07,W30DF,399,29,810,813,161,685,40,0,141,8023
E85681,2020,07,TW59ER,401,27,1145,1147,442,869,59,0,100,11650
E85682,2020,07,UB12LU,277,9,604,614,312,484,31,0,89,7701
E85683,2020,07,W42BD,185,11,351,352,61,262,7,0,56,3407
E85685,2020,07,SW64UL,417,9,783,784,141,711,56,0,164,8347
E85692,2020,07,W44BJ,523,17,710,712,131,495,26,2,158,6343
E85693,2020,07,W43ET,479,27,485,486,149,422,53,0,180,6302
E85694,2020,07,W53AJ,86,14,407,412,58,305,9,0,25,3379
E85696,2020,07,TW47LR,291,0,791,795,289,494,69,0,75,7360
E85697,2020,07,TW148AG,471,9,648,650,230,488,27,0,125,6015
E85699,2020,07,TW148SN,684,61,1007,1008,356,909,58,0,256,11045
E85707,2020,07,TW59BJ,330,34,740,743,264,514,39,0,81,7644
E85708,2020,07,TW140AB,289,10,673,674,211,453,15,0,112,5621
E85712,2020,07,UB56WL,441,20,834,840,328,747,75,1,93,9110
E85713,2020,07,TW34JX,201,8,496,501,217,357,13,0,55,4393
E85714,2020,07,W51RQ,141,3,292,294,63,224,22,0,53,2696
E85715,2020,07,UB56WL,294,24,479,493,158,416,8,0,98,5267
E85716,2020,07,TW33ET,403,9,1327,1329,525,1036,13,0,106,10489
E85718,2020,07,TW149PY,101,5,292,293,101,187,6,0,31,2493
E85719,2020,07,SW64HS,378,4,536,537,157,486,48,0,172,6452
E85721,2020,07,UB11PZ,46,0,361,361,197,365,0,0,9,2183
E85723,2020,07,UB56WL,285,29,693,694,293,610,33,15,62,6175
E85725,2020,07,UB54NY,161,0,335,337,120,274,5,0,41,4187
E85726,2020,07,W139NZ,131,5,451,451,117,291,12,0,43,3248
E85734,2020,07,TW134GU,243,2,511,518,200,442,35,0,48,4873
E85735,2020,07,TW88DS,416,4,504,507,130,332,29,0,72,5577
E85736,2020,07,TW135JG,524,4,895,906,274,655,7,0,189,8675
E85739,2020,07,TW59ER,515,6,1237,1240,545,926,71,0,126,12495
E85740,2020,07,W51JQ,65,25,210,212,71,182,3,0,16,2043
E85743,2020,07,UB12RX,166,8,408,410,194,359,45,8,55,4407
E85744,2020,07,TW77DJ,625,21,1149,1156,419,848,53,0,152,11378
E85745,2020,07,UB12TJ,371,17,1433,1438,572,1048,27,0,97,11721
E85746,2020,07,W43JL,180,11,253,254,65,222,13,0,51,2616
E85748,2020,07,W120NF,203,25,347,348,149,277,24,0,59,3459
E85750,2020,07,TW74HQ,327,28,901,908,335,645,7,0,95,8642
E86001,2020,07,HA62RG,725,33,1395,1427,306,1129,46,0,207,14275
E86003,2020,07,UB32PB,343,14,548,560,182,467,40,0,80,5704
E86004,2020,07,UB77PJ,809,40,1139,1154,264,790,32,0,229,11218
E86005,2020,07,UB109JX,546,45,916,934,178,765,30,0,113,9439
E86006,2020,07,HA51TG,521,45,1001,1009,193,776,63,0,126,10679
E86007,2020,07,UB96JY,967,40,1547,1567,220,1041,67,3,225,14964
E86009,2020,07,UB81SD,475,8,832,835,139,484,24,0,88,7731
E86010,2020,07,UB77DP,805,12,1274,1281,315,817,143,0,107,13454
E86011,2020,07,HA49EY,334,11,737,742,134,524,9,0,103,6092
E86012,2020,07,HA46ER,705,39,1507,1540,215,1206,33,0,192,14817
E86014,2020,07,HA49LZ,270,4,707,712,122,477,31,0,104,5983
E86015,2020,07,UB81UB,1212,55,2211,2259,459,1696,109,0,340,22941
E86016,2020,07,UB48RB,394,5,758,769,197,585,34,15,93,7592
E86017,2020,07,UB34NA,481,17,1729,1738,610,1268,36,0,143,13499
E86018,2020,07,UB33DZ,865,49,1712,1734,477,1451,26,0,141,16156
E86019,2020,07,UB40SF,402,7,1134,1157,239,777,19,0,79,10053
E86020,2020,07,UB49AJ,348,10,659,662,219,422,47,0,69,6891
E86022,2020,07,HA51TG,323,18,735,740,143,542,10,0,113,6699
E86024,2020,07,HA47AE,179,9,554,559,91,370,15,0,38,4484
E86026,2020,07,UB83LA,593,12,874,880,229,586,47,0,150,10060
E86027,2020,07,UB78PE,691,18,986,1015,264,863,83,0,146,12019
E86028,2020,07,HA63BG,415,35,1124,1144,182,926,58,0,109,11385
E86029,2020,07,UB48DD,874,32,1145,1161,285,901,56,0,247,14047
E86030,2020,07,UB83PH,346,4,512,521,93,380,7,0,124,4219
E86033,2020,07,HA48BE,387,18,1085,1098,185,723,22,0,79,9019
E86034,2020,07,UB83NA,132,5,250,256,61,145,2,0,32,2239
E86036,2020,07,UB109QF,503,36,1193,1209,192,766,56,0,141,10921
E86038,2020,07,UB35DA,212,1,663,668,206,459,15,0,53,5384
E86041,2020,07,HA61TQ,274,16,637,645,163,458,33,0,83,5575
E86042,2020,07,UB77DP,572,7,943,962,249,688,63,28,108,9320
E86605,2020,07,HA47QU,179,25,339,350,71,251,19,0,31,3445
E86609,2020,07,UB34NS,138,5,360,361,142,258,28,0,53,3829
E86610,2020,07,UB49NS,205,6,370,372,84,260,16,0,49,3697
E86612,2020,07,UB31NY,173,6,524,533,211,448,18,0,38,4297
E86615,2020,07,HA40QR,153,2,286,294,104,214,6,0,38,2763
E86618,2020,07,HA61TQ,499,11,793,813,157,709,21,35,165,8363
E86619,2020,07,UB108SA,112,9,370,376,66,233,1,0,28,2842
E86620,2020,07,UB83NG,144,3,354,358,111,233,1,0,40,3154
E86625,2020,07,UB33HG,149,14,558,563,128,374,17,0,30,4573
E86626,2020,07,HA40NT,276,2,548,558,80,382,17,0,58,5263
E86629,2020,07,HA46TA,161,6,374,379,120,290,47,0,25,4126
E86632,2020,07,UB109JN,415,5,558,564,111,423,41,29,125,6356
E86637,2020,07,UB35AB,288,11,941,950,259,869,24,0,89,7195
E86640,2020,07,HA47LW,255,10,494,498,90,368,11,0,89,5563
E87002,2020,07,SW1V1SN,1152,84,1413,1419,467,1306,118,0,301,17433
E87003,2020,07,W106NX,330,25,593,593,183,398,15,0,75,5711
E87004,2020,07,SW109DT,545,20,812,815,182,609,93,0,198,8695
E87005,2020,07,SW1W9PY,235,11,507,508,94,447,52,0,83,5067
E87006,2020,07,W21ND,263,6,505,505,164,415,44,0,58,5062
E87007,2020,07,W112SE,221,8,416,417,122,353,31,0,82,4400
E87008,2020,07,W21LQ,796,34,1099,1104,405,887,53,4,170,13211
E87009,2020,07,W26HF,322,34,594,600,238,530,79,0,76,5526
E87010,2020,07,W91HT,275,30,539,542,131,435,20,0,75,5327
E87011,2020,07,NW88EG,624,50,783,795,337,696,51,117,89,11621
E87013,2020,07,SW75RB,423,43,609,618,152,530,115,0,148,7792
E87016,2020,07,W87RX,336,34,466,468,92,448,52,0,93,6288
E87021,2020,07,W93JJ,176,7,320,320,88,240,18,0,24,3723
E87024,2020,07,W105PG,534,37,1279,1279,394,908,59,0,178,9817
E87026,2020,07,W105NT,312,14,498,506,191,358,25,40,59,5454
E87029,2020,07,W114LA,555,84,731,736,193,577,41,0,170,8400
E87034,2020,07,SW1V3EB,1097,36,1429,1437,439,1192,130,6,210,17924
E87037,2020,07,W22HL,340,28,655,657,168,516,50,0,85,6934
E87038,2020,07,W93QT,457,41,702,714,264,581,74,43,99,9705
E87043,2020,07,SW74HJ,178,19,285,287,58,246,8,4,57,3455
E87045,2020,07,WC2H9AA,400,15,533,541,147,534,74,0,104,6868
E87046,2020,07,W91NH,412,7,557,560,145,473,38,1,148,6888
E87047,2020,07,SW59AD,215,7,687,690,261,498,24,0,72,4978
E87048,2020,07,SW74NQ,89,6,162,163,35,109,23,0,34,1630
E87050,2020,07,W111QT,213,0,217,217,71,188,29,0,73,2870
E87052,2020,07,W21ND,431,0,608,616,202,425,79,0,49,6031
E87061,2020,07,W113EP,360,19,368,369,70,307,59,2,115,4884
E87063,2020,07,SW100UD,549,12,710,712,240,525,48,37,192,7802
E87065,2020,07,W112EH,223,18,302,303,98,249,11,0,59,4001
E87066,2020,07,W1T6EU,464,20,772,773,217,575,33,9,111,8046
E87067,2020,07,W111PA,738,42,978,986,340,734,192,0,211,12959
E87069,2020,07,W1D3QS,158,10,150,150,36,127,35,0,53,1987
E87070,2020,07,W1H2HJ,173,29,272,273,72,250,19,0,60,3220
E87609,2020,07,NW89NH,585,73,968,981,224,899,77,2,187,11686
E87637,2020,07,W25EH,1109,16,1431,1438,500,1211,130,0,316,17187
E87648,2020,07,W1K5LS,130,15,351,353,89,286,14,0,36,2977
E87663,2020,07,W91NZ,201,7,184,185,119,206,20,0,30,3331
E87665,2020,07,SW35RR,199,11,343,343,105,315,29,0,62,3869
E87677,2020,07,SW71LY,161,14,112,112,28,117,16,0,96,1715
E87681,2020,07,W25LT,441,25,580,581,192,423,55,0,150,8552
E87701,2020,07,W86EG,252,14,497,500,116,411,30,0,72,5458
E87706,2020,07,W114ES,370,14,555,555,224,416,45,0,127,6028
E87711,2020,07,SW34SR,60,22,394,394,98,338,3,0,1,4183
E87714,2020,07,W1D3HZ,164,0,257,257,94,205,1,0,33,2389
E87715,2020,07,W85SX,259,30,319,331,56,282,22,0,79,3936
E87720,2020,07,W148HW,288,22,346,348,139,329,55,0,69,4344
E87722,2020,07,W23ET,177,1,241,241,65,193,16,0,63,2719
E87733,2020,07,W106DZ,444,7,512,516,166,453,65,0,111,6649
E87735,2020,07,W104LY,41,5,175,175,58,176,2,0,16,1529
E87737,2020,07,NW15LT,231,19,512,516,101,409,29,0,81,4658
E87738,2020,07,SW1X0ET,399,41,711,716,116,539,72,0,136,6619
E87739,2020,07,SW1P4EN,727,16,800,802,246,647,40,0,159,8927
E87740,2020,07,SW1P2BG,512,0,154,155,68,142,5,641,132,6090
E87741,2020,07,W93XZ,155,5,210,215,73,147,36,0,36,2653
E87742,2020,07,W105PE,133,2,151,153,60,132,9,0,47,2006
E87745,2020,07,W1G9TQ,237,11,369,372,80,334,19,0,61,3608
E87746,2020,07,SW50EA,131,0,187,187,59,184,17,0,27,2576
E87750,2020,07,SW59JA,148,4,299,300,110,236,41,0,43,3102
E87751,2020,07,W104NJ,198,0,496,497,260,452,3,3,19,5963
E87753,2020,07,SW1W8NA,284,3,503,504,114,375,13,0,73,4997
E87754,2020,07,NW89SP,160,41,299,306,80,265,19,5,42,3367
E87755,2020,07,W104LY,164,1,314,315,122,206,1,0,34,2711
E87756,2020,07,W91NZ,510,1,444,447,179,421,51,0,66,6450
E87762,2020,07,SW100LR,351,13,460,461,157,365,66,3,66,5976
F81001,2020,07,SS74EA,888,33,1370,1375,156,902,54,0,279,14071
F81003,2020,07,SS07AF,432,4,650,654,115,461,95,0,73,6310
F81004,2020,07,CM227EH,900,24,1903,1910,229,1346,17,0,237,14536
F81006,2020,07,SS164HD,641,7,705,712,85,455,107,0,119,7950
F81007,2020,07,SS41AY,1954,55,2176,2189,412,1522,173,1,417,26545
F81009,2020,07,CB101EJ,1188,38,1821,1852,312,1374,38,0,250,17310
F81010,2020,07,RM154AD,1568,22,2460,2477,327,1446,79,0,380,22997
F81011,2020,07,CO59AG,916,11,1460,1468,163,990,58,0,216,13115
F81012,2020,07,CO58RA,1019,26,1784,1808,235,1346,51,0,317,15458
F81013,2020,07,CM129DX,754,15,1115,1128,83,719,103,1,181,12729
F81014,2020,07,CM75SN,1453,35,1933,1952,214,1364,87,1,357,17879
F81015,2020,07,CB101BP,1306,31,1915,1936,255,1300,31,13,293,18018
F81017,2020,07,CO148PA,1365,41,2373,2415,310,1507,161,5,238,23230
F81019,2020,07,CO124EX,3032,68,3911,3955,478,2717,304,0,788,39162
F81020,2020,07,CM74BQ,926,10,1577,1586,176,1225,56,0,224,13822
F81021,2020,07,CO78PJ,1491,30,2317,2352,344,1850,103,0,439,21258
F81022,2020,07,CM95DF,2270,30,3391,3412,419,2333,146,1,674,28127
F81023,2020,07,CM145WF,765,20,1031,1036,180,585,102,3,145,11910
F81024,2020,07,CM14UU,635,13,786,797,149,602,77,0,147,7867
F81025,2020,07,SS165AD,869,11,1207,1212,170,756,20,0,212,10842
F81026,2020,07,CO139JT,966,26,2280,2303,256,1533,99,0,192,18987
F81027,2020,07,CM186YJ,1990,53,3219,3237,713,2220,122,2,499,29125
F81028,2020,07,CO79BA,1065,39,1490,1512,171,966,56,0,260,13882
F81029,2020,07,SS165SB,618,6,901,903,122,605,66,0,139,9238
F81030,2020,07,CM81BH,2298,26,3196,3205,371,2294,162,0,501,29359
F81031,2020,07,SS131AJ,886,22,871,885,223,613,48,0,160,11027
F81032,2020,07,SS73PR,244,12,355,363,61,249,51,0,49,4395
F81034,2020,07,CB113PY,895,32,1379,1394,260,998,36,0,182,13843
F81036,2020,07,SS129NR,1463,34,2434,2446,298,1533,136,0,274,23703
F81037,2020,07,CO153PP,1537,24,1874,1896,268,1406,136,0,347,20182
F81038,2020,07,CM158AQ,1144,35,1394,1403,143,1028,108,0,269,17243
F81040,2020,07,CM49NF,612,15,1013,1017,246,753,43,0,103,9096
F81041,2020,07,SS120AG,1118,18,1665,1676,214,1092,75,0,256,17863
F81042,2020,07,CO12QS,5981,73,6221,6309,866,4354,327,23,1648,62173
F81043,2020,07,CM166TL,1795,160,3783,3805,641,2615,121,0,296,31953
F81044,2020,07,CO77LD,1158,51,1371,1394,183,998,67,0,265,15116
F81045,2020,07,CM120AH,206,3,400,401,51,242,22,0,77,3501
F81046,2020,07,SS95UU,534,12,871,876,126,684,39,0,138,8448
F81047,2020,07,CM186LY,1484,38,2050,2069,509,1635,53,0,477,19009
F81048,2020,07,IG101HW,949,98,1783,1821,288,1225,70,0,154,15978
F81049,2020,07,CM50AL,1372,68,2710,2732,391,2030,59,0,350,22312
F81051,2020,07,SS89SU,873,19,1146,1152,242,785,100,0,161,11885
F81052,2020,07,CO151DA,2489,58,3863,3905,422,2816,251,0,592,38688
F81053,2020,07,CM248XG,1059,56,1758,1778,268,1182,96,5,225,16453
F81055,2020,07,CM132NL,728,16,1300,1312,151,890,74,0,212,13070
F81056,2020,07,CM170AX,1128,64,1859,1869,317,1452,41,0,338,16379
F81057,2020,07,CM13RW,1644,22,1835,1861,298,1320,96,0,381,16579
F81060,2020,07,SS142ER,827,18,1014,1022,100,746,63,0,89,10296
F81061,2020,07,SS56JH,819,22,1974,1979,209,1302,47,0,201,13958
F81062,2020,07,IG62TA,492,51,975,980,242,783,48,0,96,10127
F81065,2020,07,SS69HR,317,27,512,516,75,459,43,0,67,4836
F81066,2020,07,SS55HQ,644,90,766,772,94,725,42,0,133,10298
F81067,2020,07,CO34LN,2524,37,3377,3391,481,2392,150,0,561,32648
F81068,2020,07,CO91EX,2404,39,2721,2748,363,1934,180,9,441,29892
F81069,2020,07,CO30PZ,1037,18,1490,1493,286,1207,78,0,258,14686
F81071,2020,07,CM11TR,1156,48,1433,1455,237,957,123,0,256,13942
F81072,2020,07,CM164DA,525,26,898,909,171,761,24,0,94,8736
F81075,2020,07,SS72NA,1046,46,1922,1934,292,1358,147,0,199,18379
F81076,2020,07,CM98RG,364,15,914,916,78,609,72,2,93,7637
F81078,2020,07,CM179TG,1028,23,1294,1302,281,923,30,0,240,12089
F81080,2020,07,CM120BJ,968,22,2130,2142,221,1250,50,0,241,17587
F81081,2020,07,SS12AB,2187,28,2141,2149,412,1613,350,0,576,26355
F81082,2020,07,RM188SD,453,9,1505,1512,238,1150,8,0,124,11425
F81083,2020,07,CM20DB,1174,14,1338,1346,230,927,124,0,321,14314
F81085,2020,07,CM158AB,1204,42,1570,1576,230,1151,139,0,346,18430
F81086,2020,07,SS24UB,636,19,827,833,139,618,44,0,115,9119
F81087,2020,07,CM79BY,1721,19,3220,3239,389,2416,146,0,479,26229
F81088,2020,07,SS178HD,249,7,626,628,69,371,17,0,62,4622
F81089,2020,07,SS30HX,792,15,1420,1429,193,1074,75,0,175,13989
F81090,2020,07,CM61AQ,1251,75,2337,2368,436,1833,79,0,269,19892
F81091,2020,07,CO12RW,1620,33,1745,1763,282,1239,89,0,368,17411
F81092,2020,07,SS26RL,289,18,485,486,94,339,40,0,51,5105
F81095,2020,07,CO27UW,3366,33,3198,3217,428,2244,277,7,956,34199
F81096,2020,07,SS80JA,1467,51,2340,2356,409,1691,95,0,280,21001
F81097,2020,07,SS08BU,1635,67,1878,1889,334,1309,218,0,441,21083
F81098,2020,07,CM13EH,923,20,1892,1898,228,1389,47,0,191,14335
F81099,2020,07,CM95GP,1775,46,3409,3423,516,1923,167,2,363,25792
F81100,2020,07,CM34QL,2806,55,5252,5302,672,3644,161,6,773,39946
F81101,2020,07,SS71LT,446,12,623,625,80,487,28,0,98,6295
F81102,2020,07,CM158NN,581,21,820,826,143,653,62,1,154,8326
F81104,2020,07,CM129LR,494,14,1194,1204,149,897,4,0,133,9753
F81105,2020,07,CM33LL,2779,15,3701,3724,485,2674,144,0,724,32697
F81106,2020,07,CM186LY,1505,51,1820,1847,535,1422,115,9,287,19635
F81108,2020,07,SS155TR,1672,27,1824,1840,242,1262,73,0,383,22277
F81110,2020,07,RM188EB,1310,18,2096,2118,344,1499,30,0,319,20009
F81111,2020,07,CM226LA,759,27,1325,1337,216,1087,21,0,236,10552
F81112,2020,07,SS92SQ,998,53,1216,1234,198,808,134,0,258,14954
F81113,2020,07,RM166RS,1077,4,2060,2065,266,1318,49,0,212,17094
F81114,2020,07,CM27EZ,1696,18,3225,3243,329,2172,109,2,424,24326
F81115,2020,07,CO27GH,4574,83,6014,6045,667,4544,321,3,1084,58313
F81116,2020,07,CO70DT,1415,28,1928,1956,342,1277,85,0,448,18956
F81117,2020,07,CM27PY,1365,33,1854,1864,295,1380,108,0,314,16922
F81118,2020,07,CM61BH,1695,79,2632,2662,367,1872,71,0,415,23364
F81119,2020,07,CO62SW,1095,19,1443,1452,183,1136,103,0,194,14775
F81120,2020,07,CM203AX,1583,50,2529,2554,553,1841,134,0,356,22721
F81121,2020,07,SS13HD,595,19,984,993,86,711,82,0,180,9690
F81122,2020,07,CM14HW,3345,58,3386,3428,565,2479,351,0,765,39164
F81123,2020,07,SS67JF,1750,67,2434,2445,268,1700,99,0,434,25341
F81125,2020,07,SS54PZ,1064,38,2079,2088,294,1370,72,0,241,17731
F81126,2020,07,CM08SJ,1501,8,2900,2910,283,2387,65,0,300,22519
F81128,2020,07,SS95UU,1677,49,2353,2369,412,1778,199,0,392,24591
F81130,2020,07,CM07AY,1010,16,1467,1478,217,1048,81,0,205,14083
F81131,2020,07,CM62QN,935,27,1548,1557,334,1057,36,0,191,14152
F81132,2020,07,CM72AE,2710,33,3815,3854,455,2561,198,0,509,33637
F81133,2020,07,CO50HB,1545,16,2812,2834,279,1936,46,0,306,22481
F81134,2020,07,RM156PR,809,9,1356,1364,188,1098,46,0,131,13122
F81136,2020,07,IG101SZ,940,50,1406,1427,282,970,67,0,260,14087
F81137,2020,07,RM163ET,672,23,1589,1603,113,850,59,0,152,11677
F81141,2020,07,CO57HP,785,18,723,730,126,520,46,0,213,8517
F81142,2020,07,SS74EA,476,13,636,640,65,457,24,0,90,6669
F81144,2020,07,SS93NG,1715,100,2058,2066,257,1455,86,0,447,23569
F81147,2020,07,SS07AF,658,24,752,757,152,547,150,0,144,8382
F81149,2020,07,CM33DX,1517,50,2419,2434,256,1666,119,0,405,20298
F81150,2020,07,SS155HL,1235,21,1315,1320,208,878,56,0,235,13948
F81152,2020,07,IG102NH,799,41,1043,1050,165,721,64,0,252,12097
F81153,2020,07,SS170PH,1159,13,1657,1674,188,1233,58,0,254,18212
F81155,2020,07,RM175NS,552,4,916,918,142,660,61,0,115,8934
F81156,2020,07,CO151NJ,1676,26,1875,1887,189,1349,212,0,411,20409
F81158,2020,07,SS133HQ,573,3,502,505,114,427,41,0,143,6392
F81159,2020,07,SS11NX,690,27,474,480,125,375,67,0,176,6539
F81163,2020,07,CM40FA,691,33,899,910,132,758,48,0,207,10065
F81164,2020,07,SS07AF,1175,25,1005,1010,221,815,193,0,313,14286
F81165,2020,07,IG95LT,224,15,443,445,76,287,10,0,54,4079
F81169,2020,07,IG95LP,438,25,934,939,145,611,48,0,129,8402
F81170,2020,07,CM35QP,460,7,1075,1082,125,709,30,0,174,7277
F81173,2020,07,CM81TE,947,2,1164,1167,236,876,37,0,240,10137
F81176,2020,07,SS24EQ,320,7,316,319,60,256,30,0,69,3450
F81177,2020,07,SS170BY,418,3,786,792,134,630,24,0,110,7482
F81181,2020,07,CM201DS,2407,95,3634,3662,920,2300,159,0,541,33169
F81183,2020,07,CM07TH,736,16,1373,1378,138,931,30,0,144,10883
F81184,2020,07,RM41UH,268,8,604,607,106,379,22,0,60,4790
F81186,2020,07,SS131PN,936,14,993,994,232,700,112,0,341,10739
F81192,2020,07,RM162AP,1348,9,1958,1976,349,1214,6,0,398,17799
F81193,2020,07,CM82UX,919,11,1019,1034,187,794,99,0,242,10278
F81197,2020,07,RM155SZ,174,0,471,474,74,382,15,0,26,3321
F81198,2020,07,SS178LB,250,8,456,458,53,323,19,0,30,3956
F81205,2020,07,SS80EX,700,14,1106,1110,249,862,44,0,173,10648
F81206,2020,07,RM187RB,643,10,831,835,200,599,19,0,188,9531
F81207,2020,07,SS07HN,135,0,121,122,32,143,10,0,28,1490
F81209,2020,07,SS13AN,275,3,498,500,76,375,26,0,77,4284
F81211,2020,07,RM176SP,543,6,765,769,163,636,79,0,112,8057
F81212,2020,07,CO153AU,2068,30,2178,2191,267,1816,237,0,538,25664
F81213,2020,07,CO160EA,1012,42,1895,1917,291,1212,98,0,167,16695
F81215,2020,07,CM150HU,691,21,1217,1225,175,859,63,0,137,11947
F81216,2020,07,IG96BN,453,41,649,655,141,488,82,0,88,6742
F81218,2020,07,RM176HU,113,2,383,383,71,295,2,0,36,2611
F81219,2020,07,RM175HB,478,7,879,889,97,776,29,0,105,8077
F81221,2020,07,CO123RS,794,20,1126,1139,222,832,31,0,192,10612
F81222,2020,07,CM120UA,373,3,538,545,81,401,32,0,94,5382
F81223,2020,07,SS95UU,268,10,387,393,82,319,72,0,77,4376
F81606,2020,07,CO125AD,436,15,505,528,91,475,8,0,101,6290
F81613,2020,07,SS39BX,979,41,1142,1162,270,871,116,0,314,12619
F81618,2020,07,SS75LN,347,13,628,628,101,567,42,0,60,5911
F81619,2020,07,CM203NT,352,6,683,690,152,468,18,0,122,5093
F81623,2020,07,RM176DB,199,7,500,500,25,365,17,0,45,3736
F81632,2020,07,RM155LP,455,13,836,839,133,602,23,0,95,6441
F81633,2020,07,CO112HD,577,9,805,810,139,624,11,0,128,7446
F81635,2020,07,CM82DZ,230,6,385,388,79,295,25,0,55,3365
F81636,2020,07,CO45LE,2188,41,2238,2248,355,1817,139,4,584,27558
F81640,2020,07,SS131PN,454,3,495,496,128,347,56,0,64,5484
F81641,2020,07,RM175EZ,333,3,703,706,122,471,11,0,84,5503
F81645,2020,07,SS133DW,408,1,602,606,81,423,38,0,76,6438
F81649,2020,07,SS39BX,510,13,681,685,151,506,62,0,116,7396
F81651,2020,07,CM112RE,207,0,394,396,47,241,45,0,54,3626
F81652,2020,07,RM187RJ,359,0,526,529,105,407,2,0,61,5135
F81656,2020,07,SS12JJ,362,2,378,378,95,357,72,0,53,4379
F81665,2020,07,CM26ST,415,4,411,416,69,237,61,0,78,4409
F81666,2020,07,SS154EZ,383,8,592,599,59,456,24,0,98,4919
F81669,2020,07,RM155GN,717,5,840,843,96,579,11,0,219,8244
F81674,2020,07,CM34EY,295,0,590,596,88,390,24,0,64,4354
F81675,2020,07,SS41TU,516,24,698,702,100,493,83,0,112,6933
F81679,2020,07,CO49SR,1112,22,1062,1069,143,714,126,0,229,13546
F81681,2020,07,CO152NB,3138,45,5794,5828,964,4076,251,0,603,50199
F81683,2020,07,CM73JN,1037,6,828,834,148,783,119,3,281,12209
F81684,2020,07,SS38UT,625,19,802,806,141,564,42,0,165,8076
F81688,2020,07,SS39YA,213,2,231,231,68,179,33,0,26,2647
F81690,2020,07,SS43BW,410,25,596,600,101,534,53,0,78,6456
F81696,2020,07,SS94JQ,204,2,173,177,55,133,9,0,46,2219
F81697,2020,07,SS177DZ,209,3,413,417,50,334,25,0,30,4065
F81700,2020,07,SS80JH,504,14,611,619,103,509,53,0,96,6443
F81704,2020,07,SS69QD,311,3,346,350,54,216,37,0,50,3397
F81707,2020,07,SS143SS,428,0,350,351,85,262,32,0,140,4253
F81708,2020,07,RM187QA,781,1,1161,1170,130,813,29,0,214,10924
F81711,2020,07,SS155LE,373,3,290,290,63,213,44,0,102,3529
F81713,2020,07,SS71ED,123,9,271,273,58,151,0,0,33,1915
F81716,2020,07,CO38NZ,1037,15,1124,1137,140,785,64,0,308,11968
F81721,2020,07,CM35QP,801,11,1067,1068,125,730,67,0,223,10307
F81725,2020,07,EN93DU,725,47,1357,1362,342,957,54,0,161,12211
F81729,2020,07,SS142PB,346,7,484,489,98,425,2,0,122,4672
F81730,2020,07,CO61UH,807,4,1265,1277,169,877,79,0,137,10885
F81732,2020,07,SS120AG,608,8,864,867,74,582,25,0,155,8143
F81737,2020,07,CM159DY,205,3,176,176,26,147,15,0,50,2408
F81739,2020,07,SS80JA,1205,47,1528,1531,201,1172,148,0,260,15244
F81740,2020,07,SS80JA,739,22,1294,1304,244,861,55,0,175,11936
F81741,2020,07,CO154TN,2008,38,3831,3883,584,2469,213,0,417,33457
F81744,2020,07,SS26XY,193,1,405,409,102,356,13,0,36,3825
F81746,2020,07,CO49YN,522,2,306,308,102,223,48,0,142,4265
F81749,2020,07,EN91NP,1273,63,2202,2218,498,1628,53,0,285,19624
F81751,2020,07,CM36AB,808,21,1082,1088,145,763,65,0,129,10323
F81757,2020,07,CO111AA,840,23,1256,1271,142,672,73,0,175,11315
F82001,2020,07,RM95AS,344,18,613,614,165,462,3,0,68,6207
F82002,2020,07,RM142YN,410,28,794,802,83,582,27,0,95,7309
F82003,2020,07,RM109AT,416,13,773,782,177,625,52,0,102,6888
F82005,2020,07,RM109RR,463,27,722,730,183,565,7,12,118,6517
F82006,2020,07,RM141BJ,1212,115,2364,2393,379,1891,118,2,253,22364
F82007,2020,07,RM30DR,843,90,1522,1542,320,1045,79,0,162,16160
F82008,2020,07,RM124EQ,1083,58,2069,2080,354,1471,75,1,306,19298
F82009,2020,07,RM14QJ,1175,85,2023,2043,404,1366,78,0,246,20305
F82010,2020,07,RM39PD,562,17,606,617,162,435,0,0,105,8352
F82011,2020,07,RM13DQ,1122,53,2084,2097,343,1478,114,2,253,19544
F82012,2020,07,RM95TT,332,21,785,786,207,610,29,0,83,6848
F82013,2020,07,RM13LS,1004,91,1624,1638,283,997,123,0,219,17919
F82014,2020,07,RM39SU,641,25,1320,1330,295,995,76,0,94,11922
F82015,2020,07,RM96HT,531,13,787,789,209,651,25,2,101,7432
F82016,2020,07,RM39SU,697,23,1074,1085,294,698,80,0,152,10298
F82017,2020,07,RM96EA,1095,41,1992,2005,483,1654,61,0,299,17300
F82018,2020,07,IG119LT,593,54,1550,1573,517,1098,29,0,211,14081
F82019,2020,07,RM66RT,462,27,1092,1105,311,939,87,0,105,10271
F82021,2020,07,RM25SU,859,65,1717,1745,381,1247,76,0,140,15287
F82022,2020,07,RM125NJ,1208,97,2309,2360,549,1679,55,0,275,21356
F82023,2020,07,RM113XT,265,15,506,509,63,403,19,0,79,4704
F82025,2020,07,RM94SR,507,27,1021,1025,244,689,83,0,126,9372
F82027,2020,07,IG119LD,111,7,305,305,109,197,0,0,44,2583
F82028,2020,07,RM125HX,669,28,946,956,223,759,51,0,89,10623
F82030,2020,07,RM53QL,1154,74,1944,1949,458,1481,124,0,277,19396
F82031,2020,07,RM70XR,298,8,710,713,190,566,22,0,50,6658
F82033,2020,07,RM113SZ,206,11,427,428,27,358,16,0,49,4078
F82034,2020,07,IG118GD,111,9,314,315,117,216,7,0,17,2809
F82038,2020,07,RM83RH,579,9,944,962,307,712,91,4,127,10290
F82039,2020,07,RM70XR,228,26,484,485,98,379,30,0,30,4798
F82040,2020,07,IG119LL,268,24,366,378,112,244,30,0,75,3660
F82042,2020,07,IG110LG,1348,54,2173,2194,580,1593,227,23,465,22794
F82045,2020,07,RM30PT,252,20,425,441,88,309,16,0,39,4858
F82051,2020,07,RM107DF,1023,45,1519,1533,439,1064,44,0,320,14131
F82053,2020,07,RM143DH,204,15,588,599,100,427,56,0,26,5454
F82055,2020,07,RM111XA,421,45,807,812,163,558,35,0,125,7769
F82604,2020,07,RM65LL,425,12,600,616,170,470,38,2,91,6423
F82607,2020,07,RM139RZ,258,23,934,941,173,641,29,0,50,7183
F82609,2020,07,RM124LF,179,15,627,631,61,506,18,0,27,5437
F82610,2020,07,RM78BU,184,3,298,299,71,248,11,0,34,3261
F82612,2020,07,IG117UN,278,34,837,843,270,626,36,0,65,6987
F82619,2020,07,RM137UP,180,15,549,552,89,354,27,0,40,4118
F82621,2020,07,RM108AR,238,7,524,530,126,413,30,0,95,5284
F82624,2020,07,RM126PL,159,9,355,362,47,286,59,0,52,3643
F82625,2020,07,IG118RJ,229,12,693,702,248,532,14,5,59,6097
F82627,2020,07,RM139AB,395,21,984,996,247,814,53,0,79,8172
F82630,2020,07,RM53PJ,397,14,871,876,176,637,33,0,67,7931
F82634,2020,07,RM109HU,367,21,599,601,162,413,44,0,111,5406
F82638,2020,07,RM70PX,365,47,814,814,185,687,17,0,75,7413
F82642,2020,07,RM82LD,686,14,1086,1107,330,845,75,0,181,10867
F82647,2020,07,IG119XQ,124,0,404,413,218,347,6,0,12,4237
F82648,2020,07,RM37JJ,398,12,656,665,156,508,27,0,113,5479
F82649,2020,07,RM139QU,437,22,717,721,88,498,11,0,99,6613
F82650,2020,07,IG119RS,520,9,1014,1031,380,831,23,0,116,9851
F82660,2020,07,RM83XU,2367,78,4662,4724,1173,3371,286,0,521,42765
F82661,2020,07,RM81BX,176,0,308,310,110,215,12,0,60,2760
F82663,2020,07,RM12SB,214,12,394,402,59,305,30,0,79,4020
F82666,2020,07,RM125PA,334,3,596,599,112,454,40,0,71,5765
F82670,2020,07,RM39SU,227,0,231,233,80,150,6,0,28,2629
F82671,2020,07,RM37JJ,339,21,503,509,103,389,29,0,67,4788
F82674,2020,07,RM141RG,416,32,783,796,82,443,58,0,120,7259
F82675,2020,07,RM111XA,283,27,490,495,55,321,21,0,43,5069
F82677,2020,07,RM83HP,697,15,1121,1127,290,885,23,2,249,9496
F82678,2020,07,RM96EA,582,51,1191,1192,372,965,50,0,147,10812
F82679,2020,07,RM108EJ,240,15,620,626,157,446,22,0,32,5193
F82680,2020,07,IG119LX,602,12,886,892,272,746,46,0,184,10023
F82686,2020,07,RM66RT,90,3,264,265,90,171,3,0,17,2333
F83002,2020,07,N12DE,693,21,710,722,197,465,42,0,206,9221
F83003,2020,07,NW32SE,290,17,396,400,49,314,72,0,97,4665
F83004,2020,07,N193NU,547,15,319,323,113,251,77,0,194,6049
F83005,2020,07,WC1E6DP,136,4,163,170,22,114,6,0,47,1825
F83006,2020,07,NW11TN,541,8,825,840,222,574,31,6,168,8498
F83007,2020,07,N11SW,449,38,584,592,261,513,50,0,53,7785
F83008,2020,07,N79EW,881,40,980,989,307,678,89,26,207,14671
F83010,2020,07,N11SW,1137,53,1697,1736,481,1202,136,0,346,16649
F83011,2020,07,NW18UR,273,8,598,605,76,351,32,0,80,4672
F83012,2020,07,N13BS,547,27,560,571,125,372,36,0,103,8145
F83015,2020,07,N193RN,693,34,594,597,140,401,64,39,200,9105
F83017,2020,07,NW32QU,994,75,1164,1180,268,866,136,14,268,16521
F83018,2020,07,NW53LN,658,22,785,798,208,547,50,29,187,10400
F83019,2020,07,NW80AG,617,44,817,823,255,620,114,0,193,11173
F83020,2020,07,NW33RY,577,41,694,708,184,556,106,0,159,10026
F83021,2020,07,N10DG,849,27,772,780,197,502,106,51,228,10753
F83022,2020,07,NW52UP,969,16,891,911,271,596,129,16,283,13205
F83023,2020,07,NW52BX,1411,28,1346,1364,404,992,210,48,411,18968
F83025,2020,07,NW13RH,314,18,573,584,209,391,26,0,91,6489
F83027,2020,07,N78LT,416,41,607,607,196,431,69,11,78,7133
F83032,2020,07,N18JG,598,27,627,638,128,461,27,12,131,8244
F83033,2020,07,N10AL,218,16,341,343,103,191,31,0,46,4137
F83034,2020,07,N17AA,131,12,319,320,43,242,25,3,32,3423
F83039,2020,07,N193YU,336,13,402,407,115,266,24,0,58,5027
F83042,2020,07,WC1X8TS,213,4,328,330,104,203,17,0,63,3155
F83043,2020,07,WC1E7AA,221,2,75,78,19,59,1,0,84,1340
F83044,2020,07,WC1N1PD,119,1,285,287,73,169,0,0,21,2273
F83045,2020,07,N52ET,415,39,400,407,94,278,104,0,117,6804
F83048,2020,07,WC1N1AF,326,9,462,471,167,369,26,0,76,5230
F83050,2020,07,NW61DS,164,18,337,338,110,250,8,0,68,3025
F83052,2020,07,N195BZ,279,15,401,414,101,323,17,0,79,4241
F83053,2020,07,N169NF,389,25,432,439,138,306,22,0,109,5501
F83055,2020,07,NW61TP,672,20,653,660,156,457,72,0,226,8757
F83056,2020,07,N13NG,365,5,295,296,96,167,33,0,117,4290
F83057,2020,07,NW51TR,551,59,732,736,196,536,39,12,190,7797
F83058,2020,07,WC1N3NA,301,14,503,507,131,365,15,0,93,5071
F83059,2020,07,NW67JQ,1049,20,1196,1203,300,794,66,17,284,14638
F83060,2020,07,N76LB,487,29,572,579,188,415,59,0,99,8180
F83061,2020,07,WC1B3BA,319,10,388,391,115,297,22,0,107,4394
F83063,2020,07,N19RH,761,33,515,516,184,467,46,37,207,9987
F83064,2020,07,EC1V2QH,454,38,465,470,146,347,27,19,134,6255
F83615,2020,07,NW61AE,410,36,460,470,102,443,44,0,152,5859
F83623,2020,07,NW31NR,421,43,522,530,82,414,67,0,170,6729
F83624,2020,07,EC1R0LP,531,29,489,499,140,381,65,16,172,6901
F83632,2020,07,NW54EB,473,9,538,547,174,382,42,0,121,6875
F83633,2020,07,NW35BY,138,6,170,170,34,115,7,0,41,1839
F83635,2020,07,NW10PE,349,12,269,273,109,212,19,0,118,3769
F83652,2020,07,WC1X0GB,466,13,406,416,129,302,68,24,129,5926
F83658,2020,07,NW64DX,249,9,324,326,117,257,17,0,70,4032
F83660,2020,07,N52QB,447,27,745,751,213,515,92,0,109,9022
F83664,2020,07,N77JJ,443,16,455,458,196,327,30,33,115,6172
F83665,2020,07,NW33NP,469,18,630,638,145,405,38,2,141,7798
F83666,2020,07,N77QZ,530,34,741,757,211,462,37,1,105,8727
F83671,2020,07,N193YU,182,11,222,230,92,136,22,0,37,3004
F83673,2020,07,N78DD,392,44,657,662,243,456,26,22,111,6871
F83674,2020,07,N195EW,327,13,360,361,93,208,26,7,80,4713
F83678,2020,07,EC1R0JH,211,40,300,317,97,250,31,14,22,4275
F83680,2020,07,N76NE,253,5,314,319,134,262,43,0,55,4332
F83681,2020,07,N70SL,274,19,284,289,79,226,16,0,54,4141
F83683,2020,07,NW11HY,305,7,368,375,158,285,14,0,98,4523
F83686,2020,07,N43PZ,292,4,254,254,75,138,20,0,80,3725
F84003,2020,07,E50PQ,878,16,1317,1329,465,967,57,47,287,15107
F84004,2020,07,E62RA,1287,110,2545,2567,818,2374,87,16,255,26631
F84006,2020,07,E78QP,875,41,3377,3397,1439,2605,52,0,312,26446
F84008,2020,07,N169JT,668,29,941,949,286,685,61,40,200,11041
F84009,2020,07,E154BZ,591,25,1410,1436,398,901,18,0,107,11343
F84010,2020,07,E63BA,399,28,1353,1358,512,1260,20,0,40,13579
F84012,2020,07,E11BU,627,9,1084,1092,543,944,11,2,140,11946
F84013,2020,07,N166UA,412,23,742,758,221,490,55,0,143,8393
F84014,2020,07,E79PB,305,20,1815,1834,808,1388,8,0,58,14011
F84015,2020,07,E95QG,353,3,845,847,311,610,26,0,86,6950
F84016,2020,07,E29LS,1287,32,1721,1734,656,1546,51,57,284,18854
F84017,2020,07,E164QH,1434,38,2715,2759,921,2064,14,15,455,25573
F84018,2020,07,E58BY,601,21,771,779,257,593,28,10,206,10193
F84021,2020,07,E84QJ,449,7,608,614,204,482,60,17,120,7611
F84022,2020,07,E151EN,351,25,705,709,205,548,20,0,73,6864
F84025,2020,07,E140EY,949,25,1303,1311,633,1223,8,5,271,15018
F84030,2020,07,E32LR,571,2,583,592,218,584,6,0,215,6338
F84031,2020,07,E10LS,1613,37,2540,2545,1159,2282,60,64,337,27573
F84033,2020,07,N167UA,524,9,635,644,211,454,42,0,198,8475
F84034,2020,07,E35ED,1825,46,2154,2175,1024,2223,47,34,385,25259
F84035,2020,07,E83HN,377,4,282,283,77,195,21,0,160,4391
F84036,2020,07,N42NU,314,6,478,483,172,349,28,0,75,5463
F84038,2020,07,E83AH,229,0,522,529,176,492,29,0,51,5480
F84039,2020,07,E12LP,704,36,1696,1699,902,1356,15,16,126,14388
F84041,2020,07,N13JS,429,4,1003,1012,339,753,41,0,100,10323
F84044,2020,07,E32AT,708,23,1310,1312,569,1103,4,1,172,11957
F84046,2020,07,E10SG,211,18,816,816,418,595,1,0,72,5438
F84047,2020,07,E163NA,828,9,1583,1586,430,1136,45,0,188,14664
F84050,2020,07,E63BD,524,3,1618,1630,744,1177,32,0,138,16291
F84051,2020,07,E27QU,466,0,845,846,437,722,4,8,84,7514
F84052,2020,07,E130AS,879,12,1362,1379,431,1082,52,0,159,15597
F84053,2020,07,E138PS,525,17,1178,1186,475,929,27,0,100,10979
F84054,2020,07,E148HQ,1045,17,1216,1223,579,1147,50,42,326,15064
F84055,2020,07,E35TW,145,4,302,302,106,254,2,16,55,3094
F84060,2020,07,E50QP,295,16,687,687,200,454,22,0,36,6191
F84062,2020,07,E146PG,1298,47,2020,2045,836,1798,49,66,324,23374
F84063,2020,07,E81PG,381,20,845,850,365,686,10,0,139,7206
F84069,2020,07,E97TA,815,11,848,861,315,671,88,45,221,11920
F84070,2020,07,E62DU,356,21,1350,1355,461,1095,28,0,54,11144
F84072,2020,07,N15QT,393,2,386,397,108,241,29,8,75,5302
F84074,2020,07,E126SU,452,24,1659,1669,690,1287,9,0,73,15685
F84077,2020,07,E154ES,401,9,1009,1021,211,694,34,0,77,9376
F84079,2020,07,E1W2RL,730,14,1141,1180,349,890,22,12,136,10436
F84080,2020,07,N167EA,189,4,351,356,141,270,35,10,45,4719
F84081,2020,07,E15PB,759,11,1792,1805,952,1585,39,27,162,19031
F84083,2020,07,E26LL,1131,26,1583,1601,670,1526,70,25,250,17257
F84086,2020,07,E70EP,451,24,1429,1435,489,1021,14,0,142,10904
F84087,2020,07,E14FG,1260,32,2039,2050,1068,1914,25,5,346,22247
F84088,2020,07,E130QT,283,17,865,876,353,709,6,0,64,8451
F84092,2020,07,E138RU,451,12,1116,1131,342,748,8,0,125,10193
F84093,2020,07,E65JS,1106,22,2083,2109,541,1593,35,0,293,20814
F84096,2020,07,N15HZ,663,22,870,880,290,625,63,42,182,9713
F84097,2020,07,E78AB,684,28,1823,1841,594,1422,10,0,151,17240
F84105,2020,07,E96AG,384,8,624,630,247,458,19,0,135,6844
F84111,2020,07,E153LT,591,16,1138,1140,436,814,52,0,132,11887
F84114,2020,07,E12LX,316,12,756,756,306,604,25,0,68,6589
F84115,2020,07,N169DP,497,16,646,649,265,571,56,24,151,7139
F84117,2020,07,E83XP,545,52,890,911,296,643,37,1,191,9941
F84118,2020,07,E34NE,542,4,802,808,356,745,14,0,174,8183
F84119,2020,07,N42NU,685,23,877,882,248,655,42,0,201,10209
F84121,2020,07,E126AQ,783,31,2321,2338,1006,1943,18,0,141,22476
F84122,2020,07,E14DG,1825,64,2430,2439,982,2046,33,47,527,26262
F84123,2020,07,E20PJ,592,5,856,857,400,750,6,9,145,9059
F84124,2020,07,E130LN,310,4,665,669,295,538,7,0,93,5655
F84601,2020,07,E96QY,406,12,571,582,199,433,12,0,117,6355
F84619,2020,07,E59BQ,182,2,309,312,101,202,18,0,39,3647
F84620,2020,07,E95TD,689,35,1034,1042,408,840,39,0,194,11114
F84621,2020,07,E81PG,222,3,492,496,172,317,3,0,66,4317
F84632,2020,07,E97SN,171,0,120,120,43,88,23,0,62,1732
F84635,2020,07,N15DR,345,5,431,431,125,238,39,16,84,5223
F84636,2020,07,N168AR,216,4,278,280,80,180,11,0,92,3139
F84640,2020,07,EC1A7HF,460,36,701,707,101,588,37,0,130,7292
F84641,2020,07,E78AR,212,5,563,566,277,528,4,0,30,5856
F84642,2020,07,E130QP,213,10,609,611,276,509,14,0,48,6306
F84647,2020,07,E143PG,440,16,485,491,220,507,18,5,193,6271
F84656,2020,07,E149WU,574,2,727,743,264,614,25,7,224,8096
F84657,2020,07,E138LS,510,25,817,825,176,624,71,0,131,8088
F84658,2020,07,E126BE,568,17,2412,2446,1005,2007,21,0,110,19164
F84660,2020,07,E78LZ,12,4,261,265,134,240,0,0,5,1625
F84666,2020,07,E161HT,294,4,511,517,170,371,19,0,76,5490
F84668,2020,07,E59BQ,168,3,354,359,139,229,4,0,71,3685
F84669,2020,07,E139DA,357,28,1728,1746,681,1467,16,0,84,13700
F84670,2020,07,E78BU,242,5,815,825,353,760,3,0,15,7627
F84672,2020,07,E70EP,428,18,1384,1397,458,961,25,0,69,10803
F84676,2020,07,E34NE,395,9,489,493,251,533,9,0,128,5359
F84677,2020,07,E130QA,398,57,1362,1376,536,1069,8,0,58,11880
F84681,2020,07,E138AF,436,7,952,961,360,642,17,0,82,8507
F84682,2020,07,E12QA,998,35,1549,1550,761,1350,60,7,182,15978
F84685,2020,07,N167EA,120,5,222,223,90,178,5,0,52,2707
F84686,2020,07,N165JF,153,4,271,277,95,169,34,0,66,3361
F84692,2020,07,N15DR,275,2,384,387,127,280,21,15,73,4353
F84694,2020,07,N167LR,189,3,211,211,93,156,12,0,77,2400
F84696,2020,07,E35JD,690,6,628,629,215,561,4,27,187,7121
F84698,2020,07,E140PU,598,0,700,704,371,568,20,7,168,8788
F84710,2020,07,E143BQ,797,7,1270,1293,486,1124,64,17,230,13373
F84711,2020,07,N167EA,126,6,285,289,138,213,5,0,39,2724
F84714,2020,07,E147LJ,1024,15,1590,1591,767,1382,11,10,299,16197
F84716,2020,07,N165UF,229,7,351,357,139,250,26,0,81,4100
F84717,2020,07,E65NA,575,19,970,981,282,685,0,0,133,9576
F84718,2020,07,E26JA,1439,32,1558,1569,825,1391,29,20,315,17891
F84719,2020,07,E96RT,257,15,579,581,213,450,10,0,53,4572
F84720,2020,07,E59DH,296,13,652,662,222,478,37,0,67,6184
F84724,2020,07,E70QH,742,21,1996,2008,816,1481,23,50,160,17521
F84729,2020,07,E125JG,121,1,788,794,352,622,3,0,19,5555
F84730,2020,07,E154ES,472,21,993,1008,291,647,38,0,128,9937
F84733,2020,07,E16PU,335,0,122,122,74,139,13,108,131,2572
F84734,2020,07,E79QJ,224,4,661,672,316,583,9,0,53,5416
F84735,2020,07,E63BD,749,4,1426,1430,521,1387,8,0,158,13809
F84739,2020,07,E126SJ,85,0,914,918,487,700,1,0,16,4403
F84740,2020,07,E126AQ,309,1,651,654,241,418,35,40,81,4997
F84741,2020,07,E78QR,158,20,560,563,275,534,6,0,30,5898
F84742,2020,07,E78QR,85,4,373,373,40,223,10,0,17,2683
F84747,2020,07,E148JH,1030,29,1474,1482,562,1090,101,36,299,16091
F84749,2020,07,E152JA,728,19,1911,1930,691,1394,22,0,184,15575
F85002,2020,07,N97HD,6939,475,13175,13369,2906,10123,396,1,1476,122577
F85004,2020,07,EN34DN,1187,72,2198,2217,575,1726,100,1,270,21568
F85007,2020,07,N154JR,1236,31,1856,1880,778,1290,77,19,328,19869
F85008,2020,07,N228HE,1244,55,2108,2120,733,1581,45,0,251,19781
F85010,2020,07,N99HJ,462,42,955,960,265,821,39,0,31,8858
F85013,2020,07,N154RH,649,57,1363,1372,456,897,17,0,189,12403
F85014,2020,07,N64QA,913,84,1124,1148,202,784,123,0,285,12955
F85016,2020,07,EN49NB,366,56,914,927,167,741,52,9,82,8921
F85017,2020,07,N176SB,611,51,1360,1374,602,1038,29,0,82,12266
F85019,2020,07,N176AA,1189,46,1740,1750,710,1182,66,0,274,18621
F85020,2020,07,N213LE,429,34,1128,1140,205,765,24,0,110,10470
F85023,2020,07,EN36ND,868,53,1144,1167,263,728,31,0,200,11307
F85025,2020,07,EN13EW,939,49,1904,1951,338,1512,26,0,268,17913
F85028,2020,07,N176QB,398,21,944,964,368,677,26,0,44,8379
F85029,2020,07,EN13EB,956,91,1762,1782,226,1420,49,0,297,18210
F85030,2020,07,N178NW,1202,92,2238,2264,882,1883,42,57,276,26131
F85031,2020,07,N226RX,723,28,1655,1663,516,1145,33,23,117,14072
F85032,2020,07,N144PR,307,28,779,796,161,679,45,0,89,7277
F85033,2020,07,N212SA,1556,166,4397,4432,699,3061,65,1,308,32305
F85034,2020,07,N225AB,259,27,576,579,198,481,9,0,54,5399
F85035,2020,07,N211UJ,509,43,1030,1045,164,684,86,0,103,11586
F85039,2020,07,N90TW,383,13,664,680,225,578,54,0,74,7293
F85043,2020,07,N90TW,235,5,516,517,187,411,31,0,40,4989
F85044,2020,07,N97HD,278,14,641,651,185,471,16,0,64,5455
F85045,2020,07,N103BJ,243,26,335,336,106,282,27,0,68,4306
F85046,2020,07,N80PH,366,4,723,730,295,477,17,0,89,5072
F85052,2020,07,N154AA,82,18,304,308,101,196,5,0,7,2429
F85058,2020,07,N98AJ,560,38,1239,1252,407,894,34,0,142,11165
F85060,2020,07,N153DY,424,26,733,741,218,510,79,0,88,8102
F85061,2020,07,N88AE,255,7,365,366,215,304,2,0,70,3811
F85063,2020,07,N102PS,810,64,1010,1050,175,716,63,22,210,11686
F85064,2020,07,N225NJ,330,2,586,592,177,446,25,0,112,6058
F85065,2020,07,N225NJ,198,13,458,459,172,366,30,0,29,4761
F85066,2020,07,N112PF,1016,66,1673,1711,566,1235,55,0,244,18620
F85067,2020,07,N43PZ,243,23,601,603,174,297,26,0,56,4847
F85069,2020,07,N88HJ,496,25,737,739,215,537,47,7,136,7429
F85071,2020,07,N156JR,403,25,847,848,258,545,8,0,128,7847
F85072,2020,07,N134RJ,619,59,1508,1520,404,1094,57,0,128,13847
F85615,2020,07,N178AH,211,32,716,732,238,504,9,0,42,5764
F85623,2020,07,N155HJ,354,13,678,683,261,437,14,1,50,6320
F85625,2020,07,EN27RD,319,18,732,737,106,578,39,0,76,6374
F85628,2020,07,N179DL,281,23,721,740,203,433,3,0,54,5708
F85634,2020,07,EN34DE,227,5,484,489,238,412,7,0,40,4392
F85640,2020,07,N228JJ,408,48,686,694,226,579,36,2,106,7684
F85642,2020,07,N134JJ,467,55,1007,1016,120,723,70,0,80,9612
F85650,2020,07,N181LA,415,23,730,737,175,533,32,0,49,7070
F85654,2020,07,EN35BA,389,32,758,765,192,598,17,0,77,6359
F85663,2020,07,N99PU,321,27,697,705,180,575,16,0,58,6681
F85666,2020,07,N182LY,340,9,631,634,131,405,37,0,64,6062
F85669,2020,07,N153PB,535,2,1036,1056,467,755,33,0,165,9058
F85675,2020,07,N227UN,365,39,651,664,251,477,72,0,97,7250
F85676,2020,07,N97HD,305,41,684,708,189,517,8,1,37,5820
F85678,2020,07,EN26TJ,172,6,373,394,115,304,18,0,54,4043
F85682,2020,07,N90TW,238,10,433,440,68,347,18,0,41,4303
F85686,2020,07,EN11HS,125,6,355,356,43,277,11,0,23,3113
F85687,2020,07,N144AQ,612,54,1042,1053,262,970,78,0,217,10546
F85688,2020,07,N101DU,365,32,654,672,176,426,75,0,80,7153
F85697,2020,07,N80RP,149,9,340,346,136,287,24,0,38,3313
F85700,2020,07,N111BD,307,23,723,738,218,506,59,0,86,6744
F85701,2020,07,N134BS,643,57,1165,1174,217,954,31,0,134,11109
F85705,2020,07,N154JR,771,45,1192,1209,408,919,70,0,250,12595
F86001,2020,07,E177JT,406,9,780,786,224,485,78,0,112,8326
F86004,2020,07,E49PD,992,63,1695,1705,316,1169,116,0,294,16449
F86005,2020,07,E175DB,479,26,825,838,215,581,17,0,159,8156
F86006,2020,07,E107LD,390,26,1081,1090,369,684,31,0,130,9706
F86007,2020,07,IG74DF,976,51,1591,1612,217,1030,137,0,209,17233
F86008,2020,07,IG26UW,389,78,1273,1284,320,934,55,0,103,11558
F86009,2020,07,IG27NW,349,11,781,786,204,629,30,0,119,7483
F86010,2020,07,IG62HG,869,66,1659,1679,491,1282,89,0,182,16474
F86011,2020,07,E107DY,711,92,1358,1396,410,953,86,0,185,14085
F86012,2020,07,IG89QJ,597,55,963,972,140,705,105,0,128,11370
F86013,2020,07,IG80HF,316,17,516,521,92,369,27,0,77,4801
F86018,2020,07,E179DP,689,35,1240,1251,420,905,54,0,124,13289
F86020,2020,07,E182AB,316,20,645,671,104,457,51,0,72,6547
F86022,2020,07,IG11EE,689,52,1573,1583,659,1256,58,0,127,16277
F86023,2020,07,E112AQ,680,50,1173,1195,194,893,42,0,172,11933
F86025,2020,07,IG39TJ,677,44,1711,1714,705,1314,56,0,159,16747
F86026,2020,07,E174BA,325,24,649,653,199,453,17,0,86,7328
F86028,2020,07,RM64AF,331,47,795,802,236,520,39,0,93,9244
F86030,2020,07,E178PX,171,1,476,479,236,426,6,0,66,5192
F86032,2020,07,E112SW,694,43,1155,1177,253,798,99,0,171,11724
F86034,2020,07,IG39RN,281,31,693,703,208,494,47,0,57,6380
F86036,2020,07,E111BN,807,65,1388,1415,462,1043,75,0,169,16021
F86038,2020,07,E106RA,601,23,1328,1364,601,914,29,0,142,13526
F86040,2020,07,RM82AJ,307,10,656,671,236,533,16,0,26,6221
F86042,2020,07,IG14JE,184,10,789,791,368,678,16,0,46,6500
F86044,2020,07,E105EL,291,2,464,471,144,257,12,0,89,4431
F86045,2020,07,E114HH,83,8,245,246,88,193,15,0,25,2462
F86057,2020,07,IG74DF,527,38,806,808,173,516,91,0,105,8124
F86058,2020,07,E177NH,875,23,1443,1473,502,1183,61,0,269,13896
F86060,2020,07,IG27LE,544,51,1712,1732,536,1263,46,0,109,16556
F86062,2020,07,E179BU,242,4,593,600,189,391,11,0,47,4803
F86064,2020,07,E182QS,327,31,595,601,74,437,42,0,96,5461
F86066,2020,07,E181BD,399,31,793,802,133,554,70,0,123,8147
F86074,2020,07,E105LG,554,16,1248,1251,469,838,43,0,152,11065
F86078,2020,07,E47JX,428,18,770,788,127,580,31,0,110,7968
F86081,2020,07,IG26YG,252,16,820,826,251,616,6,0,57,6516
F86082,2020,07,IG12SN,269,48,812,814,202,595,7,0,58,7172
F86083,2020,07,IG26RJ,335,45,1108,1144,469,917,40,0,62,11203
F86085,2020,07,IG62XG,97,2,319,332,85,171,15,0,12,2898
F86086,2020,07,E173LA,426,9,507,532,155,364,69,0,97,6077
F86087,2020,07,IG38XB,165,11,574,586,230,485,17,0,33,4966
F86088,2020,07,E106JB,164,16,657,660,212,422,9,0,37,5338
F86607,2020,07,E179LY,764,19,1058,1071,352,679,41,0,208,11934
F86612,2020,07,IG50SB,202,25,414,424,143,366,15,0,36,4314
F86616,2020,07,E46UN,388,33,542,549,121,392,32,0,131,6659
F86621,2020,07,E111GA,287,15,708,711,198,444,9,0,79,5450
F86624,2020,07,IG50QS,167,25,282,286,74,193,6,0,24,3027
F86625,2020,07,E114HX,358,24,932,942,358,680,31,0,84,8636
F86626,2020,07,E175JL,181,4,414,419,130,249,8,0,59,3569
F86627,2020,07,E48DG,934,45,1381,1392,342,998,104,0,262,16313
F86637,2020,07,IG38BG,171,19,561,565,196,468,25,0,34,6184
F86638,2020,07,E48LT,258,18,629,633,200,454,6,0,36,5919
F86641,2020,07,E181BD,381,16,540,556,114,372,44,0,69,6003
F86642,2020,07,IG39QW,210,10,548,555,208,429,12,0,39,5106
F86644,2020,07,E173LA,387,17,899,912,238,528,32,0,111,8202
F86650,2020,07,E114JT,605,6,833,852,320,595,31,0,144,10813
F86652,2020,07,IG13HZ,332,20,1031,1037,436,918,20,0,57,10218
F86657,2020,07,IG13AF,240,24,779,779,325,557,22,0,66,7068
F86658,2020,07,E182QS,216,22,474,477,100,308,39,0,61,4486
F86664,2020,07,E47HS,351,10,456,469,129,329,29,0,66,5603
F86666,2020,07,E113QE,752,54,1678,1706,609,1152,75,0,183,15663
F86679,2020,07,E175RQ,283,22,405,409,133,320,11,0,90,3959
F86689,2020,07,E179HS,185,7,348,350,46,201,9,0,66,2817
F86691,2020,07,IG50LG,599,45,1251,1269,285,988,47,0,113,11818
F86692,2020,07,IG12SF,344,27,1113,1130,562,828,45,0,56,11719
F86696,2020,07,E106PP,211,10,377,382,137,275,25,0,64,3786
F86698,2020,07,IG26RJ,168,19,653,664,189,474,40,0,46,4940
F86700,2020,07,E47NX,128,7,411,416,60,289,1,0,36,3386
F86701,2020,07,E114HX,203,18,572,576,192,420,19,0,10,4306
F86702,2020,07,IG14LA,310,35,712,720,273,551,19,0,83,7713
F86703,2020,07,IG45BZ,117,1,525,530,160,352,4,0,13,4223
F86705,2020,07,E114HX,116,4,327,345,139,255,4,0,37,3187
F86707,2020,07,IG62NB,374,35,762,771,244,499,46,0,90,7460
F86708,2020,07,E175RJ,147,6,257,273,116,208,4,0,27,3197
F86712,2020,07,E114BB,129,1,407,411,163,281,12,0,20,3174
F86731,2020,07,E125DL,255,9,531,555,103,373,28,0,82,4592
G81001,2020,07,BN38LD,887,28,1167,1176,145,857,80,0,272,13507
G81002,2020,07,BN214TX,769,22,1034,1044,213,758,107,0,232,11209
G81003,2020,07,BN214HY,2167,93,2584,2597,483,1990,289,0,524,31087
G81004,2020,07,BN266AE,1314,62,2187,2200,434,1659,88,0,382,23253
G81006,2020,07,BN21SS,741,25,585,594,154,607,48,5,189,9618
G81007,2020,07,BN84LR,501,30,1063,1070,95,684,30,0,175,9775
G81008,2020,07,BN245DZ,1565,65,2593,2610,354,1691,145,0,383,25241
G81011,2020,07,BN14LA,2396,50,1684,1697,447,1564,161,0,512,27463
G81012,2020,07,BN273DG,1085,34,1445,1466,269,839,100,0,154,14063
G81014,2020,07,BN18DD,887,49,795,797,129,737,82,0,226,11657
G81016,2020,07,BN99PW,1153,31,1068,1081,175,666,79,0,347,13095
G81017,2020,07,BN228DR,1239,38,1264,1277,330,833,90,0,271,15251
G81018,2020,07,BN16DP,991,39,612,616,81,499,125,27,328,10181
G81019,2020,07,TN61AH,914,77,1287,1307,124,809,149,0,207,15019
G81021,2020,07,BN72LU,2560,146,3134,3158,341,2202,211,0,693,37159
G81022,2020,07,BN227PG,2018,65,2710,2742,568,2051,181,0,414,30456
G81023,2020,07,TN330EA,1028,73,1396,1414,195,1001,87,0,237,14284
G81024,2020,07,RH185AQ,867,50,1877,1883,247,1104,62,0,314,16094
G81025,2020,07,TN402SD,1497,89,1887,1904,348,1412,111,0,287,20327
G81026,2020,07,TN376BG,1249,31,1075,1090,279,754,114,0,289,14384
G81027,2020,07,BN213JY,496,26,565,570,122,453,111,0,154,7740
G81028,2020,07,BN23HP,1588,35,1058,1059,221,930,144,0,371,15949
G81029,2020,07,BN251DH,1773,99,2265,2293,376,1719,189,0,516,27393
G81030,2020,07,TN56BJ,742,28,1440,1453,147,810,98,0,222,12740
G81031,2020,07,TN355NH,1511,38,2076,2095,373,1580,162,8,304,22008
G81032,2020,07,BN211RR,1131,60,1446,1467,188,1040,177,0,256,17424
G81034,2020,07,BN31RF,2113,142,1879,1883,258,1363,142,0,738,26844
G81036,2020,07,BN18DD,980,81,1069,1083,161,785,91,0,243,13442
G81037,2020,07,TN221BA,763,67,1091,1112,101,804,44,0,175,11715
G81038,2020,07,BN16AG,1422,90,1037,1045,178,946,55,0,463,15439
G81039,2020,07,TN394SP,1720,133,3045,3061,449,2240,116,0,381,32306
G81040,2020,07,TN206BW,258,18,646,649,61,415,16,0,72,5374
G81041,2020,07,TN395HE,1937,78,2293,2324,388,1511,237,0,382,27090
G81042,2020,07,BN16AG,862,80,1116,1119,139,737,126,0,273,13751
G81043,2020,07,TN62ED,710,33,944,952,82,676,51,0,179,10926
G81044,2020,07,BN13FS,364,16,299,301,39,251,25,0,148,4494
G81046,2020,07,BN411LX,1143,29,999,1005,201,696,84,10,348,14721
G81047,2020,07,BN13JJ,657,38,691,698,161,519,105,0,257,9293
G81048,2020,07,TN341EU,1313,44,1231,1241,295,886,152,4,325,15619
G81049,2020,07,BN265DJ,817,20,1110,1113,200,681,35,0,169,11304
G81050,2020,07,BN211DH,1534,115,2437,2465,427,1728,174,0,396,24589
G81051,2020,07,TN317SQ,1088,25,2287,2310,347,1379,126,0,265,19298
G81052,2020,07,TN197EU,477,30,1004,1015,117,683,34,0,126,8739
G81053,2020,07,BN107PE,859,45,1111,1118,181,821,128,0,202,13508
G81054,2020,07,BN11EJ,1335,58,1206,1213,266,968,104,5,332,16417
G81055,2020,07,TN61DL,977,122,1686,1709,177,1186,96,0,291,17017
G81056,2020,07,BN212DQ,850,62,870,877,147,644,78,0,202,11493
G81057,2020,07,TN330PW,871,29,1714,1724,280,1362,56,0,169,15331
G81059,2020,07,BN271BH,1028,36,1574,1587,300,1098,51,0,213,16274
G81061,2020,07,BN99PW,987,27,808,822,104,585,127,0,214,11029
G81065,2020,07,BN26BA,1154,71,1110,1116,184,949,53,0,352,15047
G81070,2020,07,BN33AT,2430,149,1912,1934,305,1542,255,0,755,28648
G81071,2020,07,BN19RW,560,0,79,80,16,48,11,0,292,2563
G81073,2020,07,BN412WF,792,25,807,817,153,610,37,1,272,10233
G81074,2020,07,TN377AT,2521,79,2416,2437,497,1652,276,3,688,28381
G81075,2020,07,BN24GF,1501,21,863,872,198,700,96,0,327,14772
G81076,2020,07,BN28BU,1056,107,1029,1040,146,816,102,0,326,15055
G81077,2020,07,TN393LR,1167,83,1450,1470,247,868,168,0,238,15827
G81082,2020,07,TN325DG,633,31,1145,1157,168,710,59,0,162,9515
G81083,2020,07,BN35JA,701,53,584,589,119,542,97,0,201,10040
G81084,2020,07,TN343TW,1652,33,2521,2538,476,1772,146,0,394,23855
G81085,2020,07,TN317DN,542,14,1013,1022,182,732,59,0,102,9018
G81086,2020,07,TN225AW,633,12,719,723,76,523,59,1,202,8911
G81087,2020,07,TN316ND,774,42,1254,1271,206,1009,76,4,149,13983
G81088,2020,07,TN218JD,1381,63,2338,2347,329,1639,127,0,339,22358
G81089,2020,07,TN389TE,458,6,582,584,139,402,25,0,165,5273
G81090,2020,07,BN29PS,638,20,401,402,87,393,65,0,215,6646
G81095,2020,07,TN343DW,1382,27,1889,1900,339,1471,89,0,407,19889
G81096,2020,07,TN380TA,312,14,562,568,99,334,20,0,62,4536
G81098,2020,07,BN271UG,1075,69,1328,1340,246,938,78,1,300,15220
G81099,2020,07,BN251HH,1109,63,1663,1678,194,1145,95,0,204,18042
G81100,2020,07,BN108NF,1513,56,1735,1745,241,1200,126,0,406,20441
G81102,2020,07,TN225FD,1913,146,3059,3068,348,2001,234,0,419,32184
G81104,2020,07,BN229PQ,1631,43,1824,1839,366,1275,143,0,387,20844
G81105,2020,07,TN389PA,928,23,1035,1046,252,631,87,0,273,11633
G81613,2020,07,BN17GF,574,4,441,441,111,388,35,0,170,6721
G81614,2020,07,TN39QP,506,89,987,992,142,716,61,0,186,10605
G81634,2020,07,BN274JX,466,45,574,589,97,456,73,0,128,7101
G81638,2020,07,BN31AE,1350,45,715,723,123,482,132,0,337,14687
G81641,2020,07,TN343JJ,585,15,590,596,135,453,78,0,131,6249
G81646,2020,07,BN16HE,111,0,139,139,15,68,14,0,25,1614
G81656,2020,07,BN11FZ,428,16,415,419,104,321,64,0,96,5097
G81658,2020,07,TN341BA,3441,50,2869,2898,662,2066,383,4,869,34769
G81663,2020,07,BN411XH,589,18,560,570,87,444,64,0,205,7685
G81667,2020,07,BN28BU,175,40,313,313,31,211,62,0,32,3795
G81669,2020,07,BN25FL,554,24,406,407,94,369,18,0,131,5625
G81680,2020,07,BN411XR,1051,44,856,860,145,666,55,0,259,11509
G81689,2020,07,BN29DH,1251,0,244,246,46,177,71,0,311,8430
G81694,2020,07,BN11AE,209,14,222,224,44,192,20,4,94,2793
G82002,2020,07,CT161SF,744,10,761,770,110,612,54,0,257,10413
G82006,2020,07,DA11QY,851,23,1383,1402,259,1081,140,0,199,14177
G82007,2020,07,TN288ER,762,18,933,948,91,772,35,0,152,11668
G82013,2020,07,TN133AQ,1254,88,2701,2727,118,1804,91,0,411,21779
G82014,2020,07,ME72BU,2377,41,2640,2662,603,1759,86,0,566,27681
G82015,2020,07,CT161BW,1253,14,1250,1272,191,918,60,0,281,16058
G82016,2020,07,TN24UH,1001,67,1305,1324,182,794,98,0,233,14484
G82017,2020,07,ME145DY,1578,29,1933,1948,283,1403,82,0,372,21586
G82018,2020,07,CT215JY,542,34,1280,1294,61,992,67,0,156,11697
G82019,2020,07,TN85ND,1241,47,2106,2119,324,1227,76,0,359,19378
G82020,2020,07,CT118AD,1850,26,2099,2114,282,1518,127,0,516,24066
G82021,2020,07,DA118RD,1657,71,1916,1965,317,1401,84,0,441,24381
G82022,2020,07,TN23JL,1127,22,1351,1363,238,961,130,0,263,15048
G82023,2020,07,ME121UP,682,13,602,606,107,498,60,0,128,8903
G82024,2020,07,ME174PS,1259,34,1877,1890,250,1166,84,0,352,17817
G82025,2020,07,TN49TF,1465,72,1760,1788,229,1145,180,0,392,18812
G82026,2020,07,ME102ST,707,31,931,937,104,667,50,0,253,10144
G82027,2020,07,ME138QR,996,19,1101,1110,164,815,43,0,216,14530
G82028,2020,07,BR87AH,891,33,1427,1434,169,901,94,0,200,13320
G82031,2020,07,ME168AX,1916,108,2821,2844,355,1805,119,0,572,27442
G82032,2020,07,DA110HN,1243,45,2507,2535,402,1587,81,0,301,22803
G82035,2020,07,ME104RU,946,30,1164,1172,146,893,44,0,246,12103
G82036,2020,07,CT147EQ,1077,27,1341,1355,209,1061,97,0,241,16569
G82037,2020,07,TN119HL,1842,90,3425,3472,384,1996,111,0,655,30148
G82038,2020,07,CT149LF,1129,22,1216,1229,160,990,32,0,250,15716
G82039,2020,07,ME138FH,1838,60,2586,2611,194,1902,73,1,635,24880
G82041,2020,07,TN12DX,1377,68,1414,1437,186,962,134,0,407,17355
G82042,2020,07,TN92JG,1640,73,2728,2770,472,1945,97,0,514,25454
G82044,2020,07,DA118BZ,1681,47,2091,2109,377,1483,69,0,440,21304
G82046,2020,07,CT126SU,871,6,1285,1292,119,957,93,0,195,12745
G82048,2020,07,DA12JP,1019,41,1613,1623,228,1187,139,0,196,15900
G82049,2020,07,TN248UN,350,0,625,626,101,323,10,0,83,4926
G82050,2020,07,TN248DN,2088,13,2960,2983,231,1778,97,0,525,28627
G82051,2020,07,ME12AY,1464,46,1672,1691,345,1331,103,0,503,19887
G82052,2020,07,CT91QY,2370,35,2527,2558,343,2083,191,0,675,29511
G82053,2020,07,TN263SF,566,16,1245,1250,116,926,54,0,179,11909
G82055,2020,07,TN184EX,574,29,1291,1306,252,955,83,0,126,12181
G82056,2020,07,DA12HA,608,48,1070,1082,127,759,26,0,157,10145
G82057,2020,07,ME121QU,1484,35,2363,2387,397,2012,86,0,393,23115
G82058,2020,07,ME207SE,1036,26,1582,1610,230,1130,75,0,322,15721
G82059,2020,07,TN91LA,2484,122,3353,3412,296,2137,107,0,785,33415
G82060,2020,07,CT11WL,2054,64,2098,2123,229,1494,109,0,722,25407
G82062,2020,07,DA121EN,179,8,357,364,114,301,29,0,49,3683
G82063,2020,07,CT139ET,1140,48,1748,1770,190,1461,70,0,280,18604
G82064,2020,07,CT119PR,1119,15,1271,1282,189,964,122,0,304,15530
G82066,2020,07,CT95RE,1357,19,1222,1240,96,1053,150,0,328,16959
G82067,2020,07,DA110LL,837,48,1465,1476,180,1082,62,0,218,13630
G82069,2020,07,CT194PU,824,27,1284,1297,245,1052,80,0,138,13864
G82071,2020,07,CT53SE,3799,174,5362,5424,514,3763,354,0,1164,59455
G82072,2020,07,TN299AE,512,6,908,917,105,651,37,0,117,8021
G82073,2020,07,DA130AH,1045,48,2116,2142,214,1406,126,0,169,19645
G82074,2020,07,ME144DS,1696,88,3033,3072,296,1935,81,0,427,28585
G82076,2020,07,ME159FL,1220,8,1919,1941,329,1272,65,0,259,18032
G82077,2020,07,ME39AE,1384,20,2709,2718,340,1841,163,0,244,23489
G82079,2020,07,CT88SN,1185,39,1637,1647,160,1249,87,0,300,18523
G82080,2020,07,TN240HZ,2618,29,2970,3022,433,2005,150,0,565,34024
G82082,2020,07,CT20EF,1247,26,1047,1061,140,807,72,0,320,14255
G82083,2020,07,ME206QJ,1874,35,2613,2633,387,1875,131,0,554,27153
G82085,2020,07,ME65SN,1490,41,1857,1893,203,1264,112,0,456,19776
G82086,2020,07,CT195SR,1251,20,1153,1166,183,798,95,0,310,14641
G82087,2020,07,TN249JZ,1662,28,2295,2310,243,1753,64,0,517,24322
G82088,2020,07,DA49AB,474,16,715,726,122,510,42,0,114,7103
G82089,2020,07,ME141RU,763,23,700,703,129,489,49,3,260,9873
G82090,2020,07,CT65NF,2469,79,3813,3859,407,2734,195,0,647,39054
G82091,2020,07,CT201EJ,977,19,1241,1262,135,867,115,0,263,13205
G82092,2020,07,TN161RB,720,23,1372,1388,159,860,46,0,194,11813
G82093,2020,07,ME172QF,1265,77,2283,2313,392,1662,107,0,427,20574
G82094,2020,07,TN270AW,1112,13,2024,2039,315,1257,59,0,238,19267
G82095,2020,07,ME12TH,1318,16,1638,1650,258,1313,88,0,385,16298
G82097,2020,07,DA37QD,1404,98,2326,2358,275,1600,70,0,309,22522
G82098,2020,07,ME169AN,651,15,774,778,113,566,19,0,176,9763
G82099,2020,07,ME156SB,2093,50,3075,3095,394,2087,53,0,600,28797
G82100,2020,07,ME38HX,1573,29,2979,2999,348,2253,104,0,406,25832
G82103,2020,07,TN49TF,327,9,523,526,74,370,48,0,74,4826
G82105,2020,07,CT93NR,2540,41,2989,3013,367,2138,202,0,541,32439
G82106,2020,07,ME21NP,715,12,1244,1245,113,770,51,0,202,9896
G82107,2020,07,CT124AB,1211,11,1970,2003,114,1350,75,0,408,16596
G82108,2020,07,ME50TT,702,5,1013,1019,152,761,73,0,154,10504
G82110,2020,07,TN131AR,448,20,653,667,80,449,30,0,155,6380
G82111,2020,07,CT147DN,1042,21,1388,1409,186,1190,101,0,227,16906
G82112,2020,07,TN279AA,838,37,1616,1622,167,1068,66,1,202,14580
G82113,2020,07,ME50AA,1142,20,1207,1217,171,888,124,0,237,13994
G82114,2020,07,TN306RB,1710,22,3403,3434,291,2480,65,0,373,31233
G82115,2020,07,CT13AP,872,31,955,969,90,628,87,0,279,11436
G82117,2020,07,CT161EQ,832,15,900,903,146,712,96,0,260,11855
G82118,2020,07,TN126AX,1344,52,1629,1662,207,1217,119,0,412,19016
G82119,2020,07,CT65RE,2879,123,4057,4101,386,2666,200,0,818,43639
G82120,2020,07,TN158RQ,1311,36,2862,2916,351,1527,96,0,353,22107
G82121,2020,07,CT202HN,1431,42,1983,2019,209,1332,138,0,382,21177
G82122,2020,07,DA28BS,2871,112,3657,3689,769,2682,276,0,693,39328
G82123,2020,07,ME74PN,470,4,653,654,82,521,52,0,86,6877
G82125,2020,07,TN145RB,891,51,1248,1258,109,791,74,0,244,13608
G82126,2020,07,CT118AD,1894,20,2076,2100,308,1389,143,0,400,24657
G82128,2020,07,CT161EF,781,7,709,715,78,633,63,3,177,9682
G82129,2020,07,ME75UA,442,9,732,732,106,478,41,0,62,7007
G82135,2020,07,ME194JF,1392,28,1678,1691,162,1114,48,0,516,18931
G82137,2020,07,TN40LZ,1177,46,1209,1216,154,924,112,0,320,13805
G82138,2020,07,CT32HD,345,13,575,578,65,425,29,0,72,6106
G82139,2020,07,ME46JL,314,13,398,399,91,307,30,0,67,4285
G82140,2020,07,CT27PB,578,1,194,198,11,118,11,0,314,3402
G82141,2020,07,ME186ES,837,36,1242,1245,145,839,76,0,252,12250
G82142,2020,07,TN255AY,943,17,1648,1661,159,1128,23,0,326,15061
G82143,2020,07,DA11HP,371,14,807,828,132,546,38,0,102,6595
G82147,2020,07,TN288BW,478,14,935,946,100,665,62,0,128,9401
G82150,2020,07,CT126EW,976,13,1204,1227,139,916,142,0,265,13604
G82152,2020,07,TN48UW,561,27,1026,1034,152,685,57,0,168,9544
G82154,2020,07,ME89BW,417,8,804,807,73,603,7,0,124,7442
G82155,2020,07,TN24LR,776,70,1316,1334,122,928,56,0,176,13338
G82158,2020,07,TN127NQ,541,18,1164,1177,160,770,51,0,151,9659
G82160,2020,07,CT216BD,1313,32,2001,2027,194,1315,230,0,385,20926
G82161,2020,07,ME59LD,1740,20,2211,2224,298,1661,108,0,457,23188
G82162,2020,07,ME88AA,539,16,1115,1129,100,730,33,0,85,9124
G82164,2020,07,ME168RL,1654,47,1643,1662,281,1231,43,0,485,17921
G82165,2020,07,CT46UH,969,37,1557,1581,134,1067,68,0,229,14959
G82170,2020,07,TN38EX,232,6,478,481,54,275,37,0,44,3905
G82180,2020,07,ME80DP,561,6,1294,1298,145,767,39,0,101,8597
G82184,2020,07,ME86XQ,206,4,270,273,36,200,21,0,25,3127
G82185,2020,07,DA12HA,613,39,1117,1130,96,663,41,0,170,10989
G82186,2020,07,TN262NJ,847,4,1886,1909,179,1368,53,0,213,15522
G82198,2020,07,ME24UW,632,6,1095,1105,194,851,26,0,105,9941
G82200,2020,07,ME185SS,876,37,1311,1319,137,796,69,0,265,12302
G82203,2020,07,ME22HA,901,6,1267,1277,184,807,71,0,205,13003
G82205,2020,07,TN133NT,798,36,1511,1516,172,981,78,0,204,12630
G82211,2020,07,CT33BB,899,11,1066,1073,191,903,30,0,206,12209
G82212,2020,07,DA11QY,537,35,762,765,137,617,50,0,109,8368
G82215,2020,07,TN129HP,723,34,1413,1432,256,986,38,0,177,11846
G82217,2020,07,CT202QH,290,5,215,223,39,293,24,0,80,3899
G82218,2020,07,DA40JU,712,63,1269,1282,182,885,70,0,199,11850
G82219,2020,07,CT102SQ,475,11,737,744,99,655,29,0,136,7744
G82224,2020,07,TN171AN,353,13,506,511,65,386,57,0,112,5962
G82225,2020,07,BR87UP,1048,20,1468,1489,202,943,73,0,275,14513
G82226,2020,07,ME80PW,308,3,665,667,69,466,13,0,84,5095
G82227,2020,07,CT157ET,419,0,1260,1274,54,800,18,1,91,9551
G82228,2020,07,CT45BL,1919,97,3052,3079,373,2148,108,0,529,30344
G82229,2020,07,ME173BD,676,18,1277,1285,180,840,79,0,129,12607
G82231,2020,07,ME101ND,671,60,1108,1113,114,739,42,0,202,10945
G82232,2020,07,CT202SE,1186,34,1224,1243,167,986,131,0,339,14902
G82233,2020,07,ME39HU,1269,7,1563,1575,232,1072,170,0,381,17535
G82234,2020,07,ME13SX,755,28,1082,1093,216,730,28,0,208,9822
G82235,2020,07,TN173JB,364,30,676,688,80,393,26,0,82,5822
G82600,2020,07,ME86EY,184,2,250,252,37,206,6,0,68,2598
G82604,2020,07,ME157LN,1545,33,1745,1762,406,1327,99,0,424,19557
G82605,2020,07,TN173JB,191,11,248,252,36,146,20,0,44,3598
G82631,2020,07,ME45QS,796,18,1271,1274,191,839,45,0,233,10394
G82634,2020,07,ME105AA,1068,37,1208,1223,197,919,52,0,344,14807
G82635,2020,07,ME87AA,126,4,268,269,38,186,4,0,30,2434
G82639,2020,07,DA12HA,248,25,478,483,97,371,26,0,95,4863
G82641,2020,07,ME159JJ,679,20,564,568,126,384,36,0,202,7359
G82647,2020,07,DA15ND,1081,51,1599,1616,311,1091,137,0,332,16819
G82648,2020,07,DA122HU,171,23,617,624,207,451,6,0,22,5323
G82650,2020,07,CT102TR,942,27,1135,1157,98,1063,177,0,250,17385
G82652,2020,07,CT188HY,323,5,641,642,61,598,35,0,75,5506
G82653,2020,07,ME12EL,460,6,538,539,75,366,46,0,98,5404
G82658,2020,07,TN256JX,521,10,1244,1255,98,781,16,0,98,9225
G82665,2020,07,TN290TD,579,33,964,980,84,803,44,0,150,10586
G82666,2020,07,CT79HQ,1149,43,2086,2126,201,1650,74,0,239,20458
G82671,2020,07,ME98TY,539,16,615,618,57,441,19,0,173,7151
G82679,2020,07,ME24UW,847,25,1257,1267,252,1013,24,0,174,11539
G82681,2020,07,TN120LB,655,20,1268,1277,141,600,43,2,166,10281
G82682,2020,07,ME121UA,699,18,883,902,143,751,5,0,87,8625
G82684,2020,07,CT188NS,510,21,931,943,73,652,39,0,148,8706
G82687,2020,07,ME121UP,1091,16,1149,1151,210,968,24,0,324,12957
G82690,2020,07,DA122NG,237,12,622,629,146,524,12,0,42,5617
G82691,2020,07,ME173JY,397,32,705,710,142,559,39,0,171,6522
G82693,2020,07,ME104XX,1361,44,1854,1863,197,1335,90,0,306,19248
G82696,2020,07,CT149BX,309,8,320,328,36,255,64,0,39,4653
G82697,2020,07,ME50DL,768,15,843,845,141,664,19,0,121,8699
G82698,2020,07,ME99QL,329,8,567,571,102,421,48,0,82,5027
G82700,2020,07,CT162AE,403,13,630,633,113,774,32,0,95,8017
G82702,2020,07,ME102AR,361,12,360,365,71,291,27,0,82,4117
G82704,2020,07,ME88AA,517,5,671,677,71,446,55,0,78,7223
G82706,2020,07,ME75AS,222,1,276,278,57,249,32,0,52,3331
G82708,2020,07,ME22PW,545,3,682,684,132,352,23,0,180,6893
G82711,2020,07,ME13JY,317,9,469,473,49,267,32,0,75,4246
G82719,2020,07,ME57JX,178,4,316,316,51,312,7,0,40,3087
G82721,2020,07,ME89RR,283,6,734,741,106,563,1,0,54,6611
G82722,2020,07,BR87RB,328,50,520,523,67,436,43,0,87,6008
G82729,2020,07,CT179SG,1093,28,1565,1585,103,1123,48,0,325,15297
G82730,2020,07,TN233ED,841,9,1122,1131,107,804,24,0,252,11064
G82732,2020,07,TN184NB,540,28,911,915,117,593,71,0,110,8875
G82733,2020,07,TN173AY,320,11,360,367,51,251,29,0,81,4618
G82737,2020,07,ME89PR,1167,77,1566,1575,191,1075,72,0,277,16865
G82741,2020,07,ME57TD,320,2,365,368,59,261,21,0,86,3758
G82744,2020,07,ME44QR,1418,58,1700,1712,293,1398,89,0,343,18158
G82753,2020,07,ME45JY,784,7,712,716,139,472,67,0,141,7739
G82754,2020,07,TN110ET,512,7,554,559,99,399,69,0,127,6696
G82757,2020,07,ME102TZ,534,2,611,616,92,465,83,0,176,7138
G82762,2020,07,ME75LH,137,1,226,231,21,174,20,0,10,3059
G82763,2020,07,ME74HH,185,6,389,393,102,302,3,0,24,3670
G82768,2020,07,TN11PE,598,46,645,665,70,338,111,0,205,8072
G82775,2020,07,ME74BB,636,5,891,903,132,636,103,0,143,9533
G82780,2020,07,DA122EN,982,38,1370,1394,335,861,40,0,231,13744
G82790,2020,07,CT47JY,798,23,893,897,182,554,93,0,173,12015
G82796,2020,07,CT102AJ,707,8,1161,1179,137,944,30,0,202,11487
G82799,2020,07,ME121HH,1464,61,2203,2219,317,1442,72,0,370,20098
G82802,2020,07,CT13JH,338,5,475,476,61,344,13,0,83,5135
G82808,2020,07,DA125BW,969,35,1230,1253,140,919,93,0,302,14166
G82809,2020,07,DA139LB,1180,71,2547,2573,261,1728,145,0,293,24213
G82820,2020,07,ME50HD,597,2,866,874,114,577,85,0,126,8743
G82888,2020,07,TN131ED,510,38,519,524,49,383,69,0,184,6613
G83001,2020,07,SE30EN,1329,27,2318,2338,262,1469,80,0,306,19061
G83002,2020,07,DA162HE,608,13,1265,1275,228,871,15,0,127,11376
G83003,2020,07,SE93JD,312,7,491,493,52,346,44,0,84,4960
G83004,2020,07,DA144TA,1178,60,2002,2021,209,1474,57,0,247,19731
G83006,2020,07,DA67LP,1205,33,2029,2055,283,1322,77,0,277,19362
G83009,2020,07,DA163RE,864,23,1249,1262,318,974,53,0,156,14144
G83010,2020,07,DA83DB,1390,35,1591,1619,248,1188,61,0,332,18300
G83012,2020,07,SE288BE,1135,23,1957,1973,402,1173,83,0,317,18813
G83013,2020,07,SE37HB,363,3,581,586,116,356,17,0,106,5095
G83015,2020,07,SE95DQ,432,3,614,617,99,404,40,0,96,6048
G83016,2020,07,SE186TE,842,1,1079,1090,269,665,81,0,221,10595
G83018,2020,07,SE29LH,1173,36,1936,1977,440,1095,176,0,270,19075
G83019,2020,07,SE181BB,1045,42,2082,2094,369,1499,144,0,304,17306
G83021,2020,07,SE109GB,948,23,1005,1014,153,733,80,0,250,12731
G83024,2020,07,DA162JZ,296,1,497,506,73,265,18,0,79,5521
G83025,2020,07,DA162AT,690,8,1248,1263,193,946,23,0,134,11852
G83026,2020,07,SE185TE,513,7,1099,1105,298,716,41,0,127,9487
G83027,2020,07,SE96ER,969,18,1456,1470,233,1002,162,0,258,14607
G83028,2020,07,DA163HQ,959,13,1760,1774,304,1076,64,0,165,14822
G83029,2020,07,DA51HU,496,22,919,942,112,630,36,1,83,9056
G83030,2020,07,SE183PS,343,3,591,595,94,375,23,0,118,5361
G83031,2020,07,SE29AT,644,3,993,1006,271,770,43,0,145,9901
G83033,2020,07,DA75HL,278,9,570,572,86,381,41,0,57,5541
G83037,2020,07,DA81BJ,302,1,430,432,89,281,19,0,74,4129
G83039,2020,07,SE183EP,601,9,688,698,122,522,60,0,118,8781
G83044,2020,07,SE78TX,766,9,1145,1156,261,868,72,0,209,11991
G83046,2020,07,DA76HZ,412,20,695,701,85,434,30,0,135,6312
G83047,2020,07,DA157DS,773,21,1467,1484,249,916,63,0,185,14011
G83049,2020,07,DA76DL,814,51,1443,1452,251,1040,90,0,249,15010
G83052,2020,07,DA175LQ,1165,40,2253,2269,378,1602,56,0,344,19232
G83053,2020,07,DA75RB,1376,19,2351,2389,593,1587,139,0,299,22553
G83057,2020,07,DA158DF,418,7,769,776,99,651,33,0,125,7862
G83058,2020,07,SE108NT,428,1,546,548,157,403,41,0,105,6791
G83060,2020,07,SE187LU,354,4,788,796,242,479,51,0,113,6451
G83062,2020,07,DA82HS,627,0,819,826,213,554,90,0,166,8480
G83065,2020,07,SE108EX,753,30,841,847,179,517,88,0,164,9090
G83066,2020,07,DA146BU,1824,143,3395,3440,562,2296,244,0,473,35097
G83067,2020,07,SE186PZ,2246,20,3446,3490,827,2235,245,0,561,32440
G83628,2020,07,SE93PT,601,31,937,942,158,666,101,0,148,10136
G83630,2020,07,DA81RQ,684,20,910,919,119,632,49,0,138,9308
G83631,2020,07,SE20ER,392,8,599,607,52,435,40,0,77,5601
G83633,2020,07,SE181AH,254,8,657,661,207,450,22,0,48,5764
G83635,2020,07,SE187QU,272,4,700,706,114,390,38,0,44,5161
G83641,2020,07,SE108PA,109,1,307,309,91,188,16,0,15,2732
G83642,2020,07,DA14ER,944,10,1175,1190,301,788,114,0,255,12359
G83647,2020,07,SE181SE,396,3,1079,1094,273,532,40,0,102,8012
G83651,2020,07,SE109UB,359,4,537,542,63,317,21,0,138,5174
G83654,2020,07,SE181ES,256,2,631,632,141,461,16,0,53,5098
G83673,2020,07,SE93JD,272,3,375,378,60,278,43,0,57,4078
G83680,2020,07,SE95DQ,1441,51,2273,2302,317,1420,208,0,342,21782
G84001,2020,07,BR13DR,646,36,1005,1013,144,673,42,0,152,11782
G84002,2020,07,BR11HN,553,13,945,951,144,687,32,0,121,9051
G84003,2020,07,BR14PX,875,18,1133,1147,207,776,37,0,184,12343
G84004,2020,07,TN163TJ,731,42,1638,1646,195,958,27,0,187,13777
G84005,2020,07,BR54DU,400,16,758,768,105,452,21,0,71,6763
G84006,2020,07,BR67AR,572,34,1206,1224,125,817,59,0,128,11111
G84007,2020,07,BR52DQ,651,18,927,935,54,618,53,0,163,9981
G84008,2020,07,BR35LE,286,7,402,403,79,276,41,0,71,4720
G84009,2020,07,BR66BG,233,9,476,482,79,235,13,0,75,4287
G84010,2020,07,BR75AQ,650,36,1363,1376,154,982,49,0,142,12880
G84011,2020,07,BR34DQ,440,16,621,635,101,358,70,1,90,6655
G84013,2020,07,BR54AR,222,6,406,409,55,275,9,0,60,3300
G84015,2020,07,BR40PU,641,21,1297,1304,176,912,28,0,157,12221
G84016,2020,07,BR14HB,777,23,1320,1333,194,988,40,0,180,13219
G84017,2020,07,BR49BG,537,14,1140,1153,100,714,28,0,146,9303
G84018,2020,07,BR35LG,413,22,645,650,68,485,28,0,71,6831
G84019,2020,07,BR52JP,895,38,1213,1224,177,873,31,0,179,12619
G84020,2020,07,BR66HD,508,18,1033,1039,108,636,24,0,109,9486
G84023,2020,07,BR29GT,622,12,1025,1042,145,679,30,0,170,10375
G84024,2020,07,BR29GT,546,11,809,819,107,536,32,0,142,7787
G84025,2020,07,SE208QA,596,11,659,666,136,484,39,0,126,8085
G84027,2020,07,BR33FD,921,15,1447,1454,220,900,65,1,243,14636
G84028,2020,07,BR34DG,470,14,713,720,85,533,42,0,182,7951
G84029,2020,07,SE207AB,300,13,568,572,94,418,1,0,64,5031
G84030,2020,07,BR27LL,272,11,621,626,51,425,20,0,50,5443
G84032,2020,07,BR60FE,826,38,1614,1637,222,944,56,0,203,14236
G84033,2020,07,BR27JF,451,14,685,689,92,525,16,0,127,7063
G84035,2020,07,BR51LH,279,12,681,691,75,410,38,0,79,5726
G84039,2020,07,TN163XS,171,6,327,328,36,226,2,0,24,2726
G84040,2020,07,BR60DP,507,21,729,734,94,498,26,0,97,8129
G84041,2020,07,BR54LA,222,6,296,301,83,246,3,0,42,3440
G84604,2020,07,BR14AD,261,8,470,474,96,340,29,0,70,4745
G84607,2020,07,BR49PS,311,7,517,517,84,370,18,0,66,5164
G84609,2020,07,BR67BA,227,7,456,461,52,306,8,0,63,3903
G84621,2020,07,BR51EL,143,5,432,434,45,307,21,0,21,3486
G84624,2020,07,SE208TJ,152,8,262,268,68,221,13,0,43,2700
G84625,2020,07,SE208QA,262,6,347,347,93,216,11,0,90,3381
G84627,2020,07,BR66BG,434,13,775,783,86,493,40,0,126,7142
G84629,2020,07,BR14HE,381,20,508,512,136,404,18,0,102,5164
G84630,2020,07,BR52DD,167,5,269,270,52,189,20,0,38,2927
G85001,2020,07,SE220SQ,841,72,1316,1318,328,892,31,0,250,13092
G85002,2020,07,SW162ST,756,33,835,837,226,579,9,28,308,9822
G85003,2020,07,SE135AY,350,12,684,698,131,420,60,35,118,6236
G85004,2020,07,SE231HU,658,29,986,994,240,598,22,0,249,11501
G85005,2020,07,SE62SP,825,33,1249,1262,448,1024,41,34,256,17945
G85006,2020,07,SE155SL,659,31,1906,1926,584,1274,65,26,151,13706
G85008,2020,07,SE146TD,134,1,334,339,107,229,28,0,25,3964
G85011,2020,07,SW47DB,939,36,1292,1307,287,816,63,15,296,14124
G85013,2020,07,SE57AF,747,61,1280,1292,361,890,41,0,148,11749
G85014,2020,07,SW165LS,612,55,1506,1521,317,1023,20,13,179,12634
G85015,2020,07,SE145HD,473,32,807,813,227,494,30,0,78,9312
G85016,2020,07,SE249QP,824,48,1397,1410,238,866,43,29,243,12996
G85019,2020,07,SE156NR,257,20,547,549,177,395,22,0,67,4598
G85020,2020,07,SE85DA,158,2,374,375,114,233,6,0,38,3403
G85021,2020,07,SW161XU,703,115,1164,1167,275,882,34,7,174,13138
G85022,2020,07,SE193NY,1150,57,1854,1874,512,1336,88,44,365,21001
G85023,2020,07,SE135PJ,403,5,695,705,222,440,30,0,147,7446
G85024,2020,07,SE264TH,943,23,1781,1801,421,1221,52,0,277,18352
G85025,2020,07,SW21AE,556,36,1060,1069,260,811,26,16,137,10569
G85026,2020,07,SE84BG,148,11,519,522,194,292,15,0,36,4471
G85027,2020,07,SE128NP,301,10,623,632,124,422,51,0,116,6631
G85028,2020,07,SW99TJ,994,82,2069,2114,541,1493,81,38,235,18842
G85029,2020,07,SE14JW,447,17,843,855,308,631,11,0,109,7809
G85030,2020,07,SE57AQ,401,22,636,638,156,405,26,0,80,6155
G85031,2020,07,SE154PU,362,31,813,818,255,578,16,18,113,6916
G85032,2020,07,SE61RB,515,16,1092,1100,239,601,64,4,135,10858
G85034,2020,07,SE16JP,5114,256,7688,7769,2749,5902,254,38,1367,79784
G85035,2020,07,SE137NN,428,12,651,659,173,420,50,3,113,8164
G85038,2020,07,SE137SX,640,22,944,952,287,551,25,0,176,9912
G85039,2020,07,SE218AU,1188,51,1727,1741,257,1090,90,50,327,18641
G85040,2020,07,SE152UA,784,49,1249,1256,455,818,19,0,261,11108
G85041,2020,07,SW23DY,482,38,935,941,125,695,53,45,127,10571
G85042,2020,07,SE57RF,493,6,742,742,314,560,47,20,110,7638
G85044,2020,07,SW162XT,251,1,512,516,101,320,11,1,50,4702
G85045,2020,07,SW47NU,688,33,886,903,227,645,54,31,208,10991
G85046,2020,07,SE39RT,471,28,555,559,107,428,62,0,144,7556
G85047,2020,07,SE270DF,551,13,772,778,182,548,34,0,185,7994
G85051,2020,07,SE249HJ,316,36,645,647,120,410,24,0,82,6336
G85052,2020,07,SE15TY,405,17,714,721,284,510,15,17,88,7018
G85053,2020,07,SE114HJ,1350,74,1863,1877,341,1267,91,132,421,20013
G85054,2020,07,SE116SP,807,42,1355,1376,266,894,67,13,211,13042
G85055,2020,07,SE41JN,699,26,1172,1185,317,671,121,0,155,13601
G85057,2020,07,BR15EP,409,14,543,551,123,375,44,0,116,6534
G85061,2020,07,SE232SG,392,10,613,622,141,344,29,0,104,6427
G85073,2020,07,SW96NA,472,21,861,875,344,651,20,2,114,8255
G85076,2020,07,SE146LD,552,7,716,730,241,448,39,0,163,8123
G85083,2020,07,SW47QJ,398,10,1353,1358,326,744,16,3,142,10359
G85084,2020,07,SE173DW,671,27,1114,1131,368,811,46,0,193,10721
G85085,2020,07,SE83QH,580,6,663,677,241,420,21,0,159,8315
G85086,2020,07,SW81UL,439,27,829,836,239,551,19,7,129,7710
G85087,2020,07,SE163HA,712,35,1032,1043,355,767,24,0,244,10581
G85089,2020,07,SE42LA,404,16,581,586,169,362,45,60,111,7780
G85091,2020,07,SE228LY,301,20,477,477,122,333,16,0,103,4114
G85096,2020,07,SW165SE,256,42,1301,1330,416,1038,41,0,63,10329
G85100,2020,07,SW99DL,607,51,801,810,199,541,24,0,172,7261
G85102,2020,07,SE115NH,195,4,485,492,149,378,15,0,42,4341
G85104,2020,07,BR15EP,600,18,1015,1034,314,729,37,0,111,12111
G85105,2020,07,SE42NH,291,10,375,382,78,226,11,0,103,4138
G85109,2020,07,SW48JP,853,68,1391,1406,310,905,35,17,307,13332
G85114,2020,07,SE266JQ,605,17,874,893,252,537,37,43,144,9508
G85118,2020,07,SW24QY,286,22,658,659,161,405,10,7,81,5238
G85119,2020,07,SE154NT,395,32,644,645,216,470,12,0,92,6562
G85120,2020,07,SE136DQ,382,17,661,662,199,405,47,0,81,6730
G85121,2020,07,SE61AT,262,18,370,374,127,249,18,0,106,4902
G85123,2020,07,SW46TB,281,6,552,556,137,360,10,10,101,6877
G85124,2020,07,SE63JB,433,6,650,652,166,368,26,1,115,7575
G85125,2020,07,SE162PE,611,21,715,729,239,500,22,0,262,8562
G85127,2020,07,SE59NS,322,13,751,753,271,494,37,43,83,6266
G85129,2020,07,SE279AW,222,8,425,427,135,284,55,20,95,4842
G85130,2020,07,SW82UD,592,25,998,1001,208,709,34,37,200,10024
G85132,2020,07,SE228EY,928,25,1469,1472,413,978,37,9,254,12559
G85134,2020,07,SE155LJ,176,2,608,612,236,404,7,0,44,4816
G85135,2020,07,SW96AF,1136,29,1754,1772,609,1184,31,12,261,16293
G85136,2020,07,SE17RJ,393,6,530,536,149,359,19,4,146,6089
G85137,2020,07,SE249AE,533,12,460,462,99,342,26,0,173,6123
G85138,2020,07,SE167JX,966,42,1041,1044,368,834,44,0,305,13368
G85623,2020,07,SE164BL,900,38,1181,1227,446,922,77,19,199,13586
G85632,2020,07,SE172EL,308,0,544,544,163,380,8,54,75,5051
G85633,2020,07,SE64JH,1192,47,1713,1740,508,1055,77,108,261,19555
G85642,2020,07,SE18EE,376,10,538,557,212,452,15,0,70,5832
G85644,2020,07,SE229QU,489,32,704,715,110,447,37,0,136,7026
G85647,2020,07,SW162ST,317,4,667,668,177,493,23,0,92,5991
G85651,2020,07,SE229EP,465,20,765,770,305,574,40,15,168,7819
G85662,2020,07,SW162PG,422,31,939,945,235,778,30,32,125,9216
G85673,2020,07,SW82SH,417,10,634,643,195,461,6,2,103,5939
G85674,2020,07,SW40DE,204,2,269,270,60,185,16,0,79,3407
G85681,2020,07,SE228JN,278,7,414,418,128,254,9,0,54,4434
G85685,2020,07,SE153LY,694,28,1091,1115,306,744,51,2,86,11816
G85690,2020,07,SE240AU,422,10,850,857,276,479,17,0,101,7061
G85695,2020,07,SW96AF,194,1,387,394,106,271,5,0,60,3695
G85696,2020,07,SE232JF,646,39,675,688,180,409,33,0,184,9235
G85698,2020,07,SE146LD,542,8,552,565,178,321,14,109,206,7375
G85705,2020,07,SE12BP,266,18,288,293,84,230,22,10,117,3946
G85706,2020,07,SE218SZ,427,23,590,594,68,496,39,5,75,6571
G85708,2020,07,SW46EB,617,38,799,808,208,503,47,13,201,8968
G85711,2020,07,SE146TJ,296,3,220,221,83,162,12,0,115,2957
G85715,2020,07,SE155LJ,389,16,912,927,363,633,9,0,104,7886
G85716,2020,07,BR15NJ,339,13,331,337,96,174,24,0,73,4766
G85721,2020,07,SE172SX,433,30,695,700,281,529,15,3,103,7329
G85722,2020,07,SE136RN,335,5,918,921,259,501,10,0,68,7534
G85724,2020,07,SW24TP,573,12,934,940,187,508,16,14,188,8657
G85726,2020,07,SE57RF,481,34,862,871,285,595,25,8,116,9293
G85727,2020,07,SE128NP,254,11,474,480,181,317,53,0,80,4828
G85736,2020,07,SE146TG,199,1,268,274,103,208,14,0,50,3211
H81002,2020,07,TW181XD,499,8,717,721,98,387,18,0,143,7131
H81003,2020,07,TW166RH,1049,57,1608,1618,266,1002,76,0,184,18028
H81004,2020,07,TW178EJ,1248,72,1961,1972,277,1236,77,0,342,18853
H81005,2020,07,RH98DY,450,30,708,714,158,497,50,0,119,8031
H81006,2020,07,GU13NW,388,30,580,583,96,380,57,5,82,6372
H81007,2020,07,KT138DW,547,18,637,645,40,370,36,0,176,8064
H81009,2020,07,TW152TU,1234,94,2163,2172,281,1350,55,0,222,18649
H81010,2020,07,GU28LZ,1743,119,1366,1373,341,873,160,0,432,20764
H81011,2020,07,SM71HL,605,59,1108,1131,194,877,46,0,214,10360
H81013,2020,07,GU166QQ,3260,105,4885,4925,904,3011,268,12,860,45684
H81015,2020,07,GU248NA,686,32,981,987,128,777,81,0,212,11624
H81016,2020,07,KT234DH,700,63,1272,1286,228,969,48,0,149,12695
H81017,2020,07,KT227HH,1262,45,1840,1871,376,1288,156,0,300,19892
H81019,2020,07,GU227EY,695,22,1167,1174,190,714,50,0,114,10820
H81020,2020,07,KT121UX,721,42,869,880,135,581,73,0,150,10600
H81021,2020,07,GU71JW,1347,46,1447,1458,205,711,120,0,431,17252
H81022,2020,07,GU84QP,515,18,778,787,157,571,42,0,112,8003
H81023,2020,07,RH76ER,780,39,926,938,204,603,130,0,236,11465
H81024,2020,07,GU213LQ,1111,62,1328,1342,193,782,134,0,285,13751
H81025,2020,07,GU218TD,662,40,971,986,117,656,51,0,187,11101
H81026,2020,07,GU73PR,1196,25,1029,1034,187,549,126,0,347,13173
H81027,2020,07,GU99QS,904,57,1289,1293,187,877,100,1,227,12514
H81028,2020,07,RH42QR,1087,61,1655,1675,367,1141,172,0,253,17513
H81029,2020,07,GU14RP,983,32,948,964,227,530,81,0,286,11856
H81030,2020,07,RH11EB,1056,60,1195,1206,335,829,69,0,259,14089
H81031,2020,07,GU85JD,1176,22,1599,1620,251,1076,57,0,358,16280
H81032,2020,07,GU227XL,1166,32,1589,1598,247,936,207,0,253,17860
H81033,2020,07,KT168HZ,1443,91,2110,2122,319,1293,195,0,356,22877
H81034,2020,07,KT146DH,447,51,726,730,85,420,36,0,96,7448
H81035,2020,07,GU47EP,704,37,1011,1019,196,556,50,0,222,11048
H81036,2020,07,KT146DH,648,43,1181,1199,116,705,75,0,144,12175
H81037,2020,07,RH67DG,1048,41,1553,1563,352,871,77,0,342,18049
H81038,2020,07,KT109NY,181,32,463,463,51,313,25,0,26,4007
H81039,2020,07,GU195AQ,489,31,750,755,112,440,45,0,120,7243
H81040,2020,07,GU167HG,578,46,952,959,182,579,72,0,164,9405
H81041,2020,07,GU227RR,583,26,852,856,147,501,53,3,152,8808
H81042,2020,07,KT152BH,1209,36,1711,1724,222,897,87,0,276,17588
H81043,2020,07,GU50PE,865,32,1467,1489,186,978,121,0,205,15426
H81044,2020,07,GU86EG,350,23,533,534,109,360,16,0,90,5526
H81045,2020,07,CR36JU,676,33,950,954,187,654,102,0,213,11417
H81046,2020,07,RH67AD,374,17,517,520,111,324,35,0,113,6043
H81047,2020,07,TW200PF,664,37,1061,1067,201,663,82,0,172,11161
H81048,2020,07,RH12NP,665,44,753,761,167,506,56,0,172,9539
H81050,2020,07,KT146DH,621,40,972,974,70,710,81,0,184,11221
H81051,2020,07,KT198AG,819,55,1195,1207,209,830,85,0,230,12885
H81052,2020,07,GU68AE,1388,62,1900,1924,327,1200,150,0,389,21731
H81053,2020,07,GU237BP,523,30,845,851,124,530,61,0,96,8906
H81055,2020,07,RH11DT,720,41,1213,1228,257,740,131,0,157,12702
H81056,2020,07,RH80BQ,1027,87,1657,1669,259,994,173,0,318,18218
H81057,2020,07,TW152SG,471,21,678,682,119,551,50,0,96,7328
H81058,2020,07,RH16EY,751,24,991,996,297,666,73,0,231,10912
H81060,2020,07,CR35XL,1005,49,1285,1296,227,756,74,0,327,14925
H81061,2020,07,GU227QP,941,75,1121,1129,178,650,76,0,214,12480
H81062,2020,07,GU272BQ,2068,91,3443,3463,506,2318,175,0,557,31153
H81064,2020,07,GU33NA,1274,125,1435,1442,332,1000,134,0,303,18667
H81065,2020,07,KT124HT,681,51,1019,1027,91,631,47,0,171,10975
H81066,2020,07,TW209QJ,1475,47,1720,1733,246,1228,75,0,333,18745
H81067,2020,07,KT111HT,589,60,939,950,158,673,85,0,150,10891
H81068,2020,07,RH37NJ,1370,157,2361,2385,365,1600,126,0,339,21626
H81069,2020,07,GU152NN,1765,99,2233,2264,495,1397,125,2,539,25205
H81070,2020,07,KT205TH,537,30,1046,1050,167,821,85,0,143,10397
H81071,2020,07,KT185DD,453,19,713,718,187,513,42,0,147,8245
H81072,2020,07,RH41SD,863,41,990,998,191,676,118,0,276,12295
H81073,2020,07,KT138DW,754,54,1124,1130,133,692,105,0,232,12456
H81074,2020,07,KT212DP,382,33,473,485,76,390,36,0,113,6459
H81075,2020,07,GU152HJ,1035,66,1581,1592,339,986,148,0,248,16877
H81076,2020,07,GU266TY,1318,93,1597,1633,312,1189,170,1,306,21203
H81077,2020,07,GU59DR,653,44,1294,1306,139,818,27,0,213,11484
H81078,2020,07,KT80JX,1231,141,1910,1929,359,1251,125,1,372,19980
H81080,2020,07,SM73HH,832,71,1721,1749,254,1183,105,2,250,16338
H81081,2020,07,KT205JE,857,69,992,1000,208,634,154,0,223,11907
H81082,2020,07,GU152QA,728,16,899,902,238,628,50,5,235,9628
H81083,2020,07,RH13PN,1243,51,1328,1338,313,949,160,0,373,16129
H81084,2020,07,KT246QT,321,40,550,560,76,291,52,0,83,6617
H81085,2020,07,GU13JH,580,30,756,769,85,486,83,0,149,8840
H81086,2020,07,KT70UP,475,52,548,550,118,350,65,0,92,6420
H81087,2020,07,TW197HE,1027,48,1509,1520,351,965,69,5,229,16245
H81088,2020,07,GU97PA,1302,125,1466,1473,345,1191,140,0,324,17439
H81089,2020,07,RH29HG,1196,112,1656,1669,309,1257,114,0,336,19061
H81090,2020,07,GU28YB,766,30,980,991,224,613,80,0,245,11208
H81091,2020,07,KT171TG,435,34,676,680,128,410,100,0,103,7750
H81094,2020,07,KT123LB,615,40,859,865,109,544,85,0,185,9576
H81095,2020,07,KT123LB,396,32,746,757,89,479,17,0,94,6576
H81097,2020,07,GU99QS,576,23,889,898,185,595,59,0,108,9103
H81099,2020,07,KT108BX,650,50,913,922,161,646,84,0,220,9146
H81103,2020,07,KT233ND,467,30,727,733,149,506,45,1,120,8093
H81104,2020,07,TW153EA,524,20,813,814,162,523,27,0,109,7955
H81107,2020,07,KT220QL,265,23,457,464,65,281,34,0,90,4519
H81109,2020,07,KT100EH,563,31,920,929,133,720,51,0,114,9139
H81110,2020,07,GU104TG,597,24,1186,1187,170,774,40,0,179,9219
H81111,2020,07,GU254RL,284,27,587,590,59,399,38,0,61,5685
H81113,2020,07,RH55EN,770,32,1471,1473,229,937,170,5,182,13495
H81116,2020,07,CR69LF,376,20,593,599,91,386,49,0,138,6700
H81119,2020,07,CR69NW,1251,49,1780,1802,403,1216,135,0,392,19863
H81122,2020,07,TW183HN,614,28,853,861,144,598,22,0,157,9126
H81123,2020,07,GU215QJ,294,8,382,391,117,315,54,3,65,4442
H81126,2020,07,KT185NU,518,46,641,647,118,436,90,0,141,8270
H81128,2020,07,KT89LG,402,18,613,618,103,365,33,0,113,6216
H81129,2020,07,GU240JE,269,6,389,393,41,238,23,0,71,3695
H81130,2020,07,GU185SQ,751,44,973,978,163,626,22,0,218,11019
H81131,2020,07,KT123LB,383,9,410,418,63,290,97,0,91,5102
H81132,2020,07,GU85HU,114,5,243,245,48,139,6,0,28,2417
H81133,2020,07,KT171TF,1906,102,2895,2942,578,1948,291,1,524,32760
H81134,2020,07,TW181XD,819,28,1253,1262,232,859,76,0,161,12989
H81613,2020,07,KT172LZ,183,8,356,363,67,230,11,0,68,3248
H81615,2020,07,GU103RB,1156,95,1098,1109,191,764,210,0,418,15252
H81618,2020,07,KT229LE,412,22,549,550,106,449,46,0,98,6373
H81632,2020,07,TW151HH,179,6,285,287,72,179,29,0,49,3105
H81638,2020,07,RH69PT,742,23,1243,1254,207,826,85,0,223,12509
H81641,2020,07,GU228BT,91,0,322,327,135,214,4,0,13,2844
H81642,2020,07,TW178SY,245,16,524,525,91,279,29,0,63,4040
H81643,2020,07,GU228HF,79,1,175,177,45,143,2,0,2,2037
H81644,2020,07,KT171TG,568,33,880,889,182,629,75,0,150,9682
H81656,2020,07,KT47BX,450,35,1122,1129,221,885,35,0,134,9508
H81658,2020,07,KT160JX,349,8,504,509,57,297,17,0,94,5459
H81663,2020,07,KT122QY,234,15,309,309,51,203,13,0,52,3462
H81672,2020,07,KT100SP,527,65,711,723,119,599,62,0,168,8667
H82003,2020,07,RH159XN,701,31,894,906,115,680,79,11,234,11151
H82004,2020,07,RH138DN,519,16,988,995,68,676,55,0,181,8244
H82005,2020,07,RH175BQ,673,18,826,829,82,547,75,0,229,9622
H82006,2020,07,GU280LP,730,44,1254,1264,212,1025,69,0,184,12661
H82007,2020,07,BN163NX,1368,84,1961,1971,334,1490,88,0,365,22181
H82008,2020,07,RH194EE,761,37,1263,1265,168,734,105,0,250,12627
H82009,2020,07,BN147JL,2025,136,2794,2801,528,2134,134,2,635,29066
H82010,2020,07,RH193AA,468,22,893,903,107,522,68,0,123,8517
H82011,2020,07,BN126FA,1694,79,1616,1626,403,1274,199,1,545,22660
H82012,2020,07,RH117TF,904,23,1549,1569,386,1092,80,0,229,16252
H82013,2020,07,PO191RW,1806,128,2255,2295,471,1784,167,0,406,25545
H82014,2020,07,BN163BE,1288,81,1835,1843,315,1418,122,6,301,20286
H82015,2020,07,BN124FD,521,56,1052,1066,130,724,49,0,136,9696
H82016,2020,07,PO229TD,1577,45,1853,1870,410,1298,56,0,351,20571
H82017,2020,07,RH121BG,1778,120,2389,2407,368,1722,190,0,488,28728
H82020,2020,07,PO211UT,938,33,964,983,217,782,22,0,307,11339
H82021,2020,07,BN189HG,447,20,778,791,126,529,35,0,91,7964
H82022,2020,07,BN443RJ,850,47,1441,1445,209,1025,80,0,209,14524
H82023,2020,07,BN435US,1380,98,1524,1544,288,999,122,5,382,19386
H82025,2020,07,RH105BW,1407,42,1841,1852,305,1211,110,0,377,20651
H82026,2020,07,RH107QH,1325,37,1550,1570,315,955,60,0,438,17844
H82027,2020,07,RH123HB,344,19,722,722,107,459,22,0,105,5826
H82028,2020,07,RH121AT,752,30,1040,1051,175,684,51,0,214,10812
H82029,2020,07,BN424TA,1302,94,1208,1234,299,839,89,0,343,15495
H82030,2020,07,RH201FG,1770,101,2687,2717,529,2040,185,0,455,27744
H82031,2020,07,RH140SU,505,27,1079,1085,166,766,45,0,132,9760
H82032,2020,07,GU299AW,1375,42,2238,2255,436,1714,127,0,308,21307
H82033,2020,07,RH118TY,843,22,806,811,86,584,59,0,216,10574
H82034,2020,07,BN140DL,2548,129,3577,3589,697,2755,184,0,667,39891
H82035,2020,07,RH162HX,898,47,1196,1199,180,778,121,0,251,14786
H82036,2020,07,RH121PJ,614,31,1043,1054,148,763,102,0,166,11762
H82037,2020,07,PO200QG,1422,62,2157,2181,490,1664,100,0,374,23607
H82038,2020,07,PO226DH,1373,49,1582,1596,346,1296,85,0,325,19602
H82039,2020,07,BN176BF,1282,54,1487,1499,336,1276,54,2,344,17024
H82040,2020,07,RH104HY,596,37,1100,1109,108,700,40,0,195,10565
H82041,2020,07,BN111XE,1640,101,1653,1659,422,1198,77,5,443,20669
H82042,2020,07,PO191XT,2240,176,2570,2595,506,2025,177,0,556,29146
H82043,2020,07,PO214JB,1061,49,1634,1666,376,1267,72,0,258,19374
H82044,2020,07,RH164BN,648,37,954,959,131,639,62,0,188,11129
H82045,2020,07,BN114BS,3763,284,3243,3257,739,2484,118,2,977,45212
H82046,2020,07,BN148JE,1137,47,1408,1419,315,964,51,0,306,14764
H82047,2020,07,RH101LL,1029,48,1799,1818,267,1415,113,0,359,18239
H82048,2020,07,BN180DU,1247,53,1905,1935,337,1323,53,0,343,20336
H82049,2020,07,PO193DT,1106,47,1070,1079,220,872,30,0,228,13944
H82050,2020,07,RH110BF,856,17,1269,1286,237,784,101,0,261,13802
H82051,2020,07,PO195RH,1573,103,2274,2280,329,1561,64,2,397,22088
H82052,2020,07,RH107DX,870,39,1290,1307,221,811,99,0,270,15771
H82053,2020,07,RH106JN,795,22,1138,1143,228,794,69,0,200,12186
H82055,2020,07,RH149QZ,1372,57,2031,2047,343,1618,145,0,313,20808
H82056,2020,07,RH163BB,1009,115,1105,1115,162,656,117,0,267,15107
H82057,2020,07,BN69UQ,1332,68,2189,2195,249,1502,116,0,420,23128
H82058,2020,07,PO212UW,1841,118,1910,1954,397,1286,160,0,421,24037
H82059,2020,07,BN163AH,1285,154,2113,2122,340,1796,135,0,316,23798
H82060,2020,07,BN59JQ,1163,87,1983,2012,353,1608,138,0,293,20619
H82061,2020,07,BN112LL,1044,54,1349,1374,275,916,131,0,297,14220
H82063,2020,07,RH193GW,939,58,1526,1540,161,1014,99,0,229,16047
H82064,2020,07,RH106TE,1323,58,1430,1456,152,965,160,0,382,16119
H82065,2020,07,BN159UX,1664,51,2167,2177,452,1563,112,0,426,24071
H82066,2020,07,BN175JR,2158,89,1982,1994,435,1518,127,0,582,26883
H82067,2020,07,PO202HS,809,27,971,973,203,685,47,0,255,10250
H82070,2020,07,RH204FR,939,48,1569,1580,237,1155,104,1,289,16715
H82072,2020,07,RH150EF,701,16,1044,1056,168,710,44,3,224,11917
H82076,2020,07,BN115RZ,296,13,501,506,85,321,4,0,42,5026
H82077,2020,07,PO203RP,1730,83,2638,2677,446,1590,69,0,459,23214
H82078,2020,07,PO108JH,998,52,1255,1263,178,838,87,0,272,13945
H82083,2020,07,BN436BT,1024,66,1187,1199,254,822,77,0,312,14433
H82084,2020,07,RH159BS,503,22,633,638,86,485,30,0,155,8300
H82087,2020,07,BN125HJ,304,25,790,802,125,495,30,0,47,7298
H82088,2020,07,RH118XT,740,2,698,713,255,630,48,0,191,10933
H82089,2020,07,RH121UD,551,14,801,808,78,492,32,0,161,7358
H82091,2020,07,BN158AN,812,38,978,984,177,730,61,0,224,11006
H82092,2020,07,RH139HQ,545,18,782,786,107,501,28,0,169,8813
H82095,2020,07,PO208BH,1209,98,1935,1945,385,1488,80,0,319,20921
H82096,2020,07,BN159AG,471,24,857,864,179,623,2,0,122,7904
H82098,2020,07,RH119JA,875,21,1015,1044,226,667,28,0,224,11829
H82099,2020,07,PO215SB,1199,87,1115,1125,252,905,77,0,254,15045
H82100,2020,07,RH163TG,735,13,688,693,86,430,56,0,250,8015
H82615,2020,07,RH176HB,615,25,923,929,98,642,32,0,244,8995
H82621,2020,07,RH158HS,393,14,546,548,71,411,29,0,156,5531
H82640,2020,07,RH125JL,1062,30,1255,1261,202,791,102,0,335,13234
H83001,2020,07,SE254QB,854,68,1556,1566,340,1172,58,6,202,16064
H83004,2020,07,CR27NG,868,102,1721,1747,246,1058,36,0,275,15015
H83005,2020,07,SE192NT,681,11,841,852,198,455,46,0,202,8325
H83006,2020,07,CR00JA,889,39,1252,1263,294,863,44,0,224,13370
H83007,2020,07,CR04HN,669,55,1075,1089,250,761,91,0,142,12107
H83008,2020,07,CR07LJ,348,19,435,456,118,337,44,0,100,4831
H83009,2020,07,SW164NL,429,64,1277,1304,377,965,44,0,97,11909
H83010,2020,07,SE256BY,268,2,751,756,181,366,16,0,76,6317
H83011,2020,07,CR77HQ,299,44,695,700,215,491,38,0,79,6467
H83012,2020,07,CR02BZ,955,34,1303,1322,406,742,116,0,200,13513
H83013,2020,07,CR51HF,849,40,1549,1567,254,903,78,0,276,15644
H83014,2020,07,CR28DU,452,25,1048,1051,177,642,20,0,135,9347
H83015,2020,07,CR26EX,771,34,1324,1351,202,770,68,0,175,13870
H83016,2020,07,CR82YL,969,90,1777,1807,385,1222,73,0,245,18472
H83017,2020,07,CR77JN,677,46,1580,1593,352,927,39,3,213,13964
H83018,2020,07,CR28LG,710,43,1166,1172,272,789,67,0,201,13111
H83019,2020,07,CR01ED,596,43,772,782,164,505,73,0,140,8894
H83020,2020,07,CR76AR,737,32,1148,1161,388,727,82,0,168,12952
H83021,2020,07,CR76AR,259,20,927,932,351,690,4,0,52,8008
H83022,2020,07,CR78RL,394,27,1004,1026,300,649,30,0,101,9113
H83023,2020,07,CR06HA,394,17,744,753,210,497,43,0,103,7904
H83024,2020,07,CR83EE,1094,101,2309,2337,420,1284,98,0,346,21789
H83028,2020,07,CR00JA,745,19,1176,1204,297,633,97,0,135,12291
H83029,2020,07,CR08RG,350,26,900,906,158,543,28,0,85,7103
H83030,2020,07,CR08NG,168,21,373,378,113,256,23,0,47,3534
H83031,2020,07,CR26AD,216,19,412,419,94,288,23,0,55,4801
H83033,2020,07,CR07AG,345,9,564,566,171,393,38,0,110,5385
H83034,2020,07,CR02JJ,596,30,1193,1198,336,788,34,7,138,10570
H83037,2020,07,SE192DF,500,30,781,782,112,451,40,0,144,7280
H83039,2020,07,CR06AH,650,22,950,962,208,605,48,1,161,10129
H83040,2020,07,CR29HH,369,31,557,564,115,356,26,0,88,5708
H83042,2020,07,CR76JE,379,17,1219,1233,310,644,9,0,74,9466
H83043,2020,07,CR08BH,616,97,1468,1498,273,900,60,0,169,12881
H83044,2020,07,CR06SD,831,85,1291,1315,300,918,97,0,293,16095
H83049,2020,07,CR00QL,229,4,301,304,109,232,5,3,52,3487
H83050,2020,07,CR85DG,182,29,291,296,59,164,20,0,46,3464
H83051,2020,07,CR03EW,343,25,802,810,271,485,19,0,89,7153
H83052,2020,07,CR52DR,300,12,623,633,143,526,22,0,99,5964
H83053,2020,07,CR78LY,753,86,1898,1943,629,1174,33,0,204,17519
H83608,2020,07,CR77JH,217,17,500,503,165,299,11,0,74,4707
H83609,2020,07,CR78JN,152,8,516,522,134,265,11,0,34,3900
H83611,2020,07,SE255QA,284,17,517,526,196,370,23,0,75,5047
H83624,2020,07,SW165PX,331,23,762,769,189,430,22,0,91,6464
H83625,2020,07,CR76BH,116,9,485,490,180,297,9,0,20,4316
H83627,2020,07,CR27DX,363,16,488,500,130,246,71,0,96,5800
H83631,2020,07,CR03PN,463,1,761,766,234,548,65,0,118,7899
H84002,2020,07,TW110AU,805,59,1450,1459,228,980,88,0,196,12665
H84005,2020,07,TW92RG,746,54,1237,1257,231,884,108,5,226,11743
H84006,2020,07,SW148LP,1154,124,1775,1786,295,1300,112,0,328,17851
H84007,2020,07,TW14EA,476,23,832,842,161,606,63,0,104,8224
H84010,2020,07,KT26HR,690,37,830,837,249,658,139,0,192,10035
H84012,2020,07,TW13PA,731,48,1151,1154,178,690,62,0,204,10126
H84014,2020,07,TW91SA,149,12,249,251,64,200,13,0,23,2868
H84015,2020,07,KT66EZ,495,34,724,732,163,542,34,0,213,7634
H84016,2020,07,KT33TX,1177,124,1900,1921,584,1514,145,0,492,21699
H84017,2020,07,TW91UU,1024,53,1663,1702,339,1098,199,0,263,17467
H84018,2020,07,TW123AX,490,8,940,947,186,602,43,0,133,7599
H84020,2020,07,KT27PX,1063,25,960,984,280,836,66,0,404,12679
H84023,2020,07,SW130LW,518,24,776,781,105,623,26,0,166,7353
H84025,2020,07,KT92GY,662,59,926,930,181,616,30,0,161,9253
H84027,2020,07,KT26PG,1145,23,1503,1536,324,1054,96,0,313,16350
H84030,2020,07,KT66EZ,1331,90,2068,2095,595,1455,155,14,378,22273
H84031,2020,07,TW26JL,445,37,816,827,170,591,27,0,86,7586
H84032,2020,07,KT14DY,998,68,1004,1006,207,711,76,3,253,11778
H84033,2020,07,KT25HF,378,45,799,808,145,575,29,0,118,7350
H84034,2020,07,KT91AG,724,49,1174,1186,228,841,50,0,205,10073
H84039,2020,07,TW14QP,715,56,1169,1170,215,842,56,0,122,10957
H84040,2020,07,TW122PB,872,70,1997,2015,360,1269,65,0,257,16777
H84041,2020,07,TW106PP,210,1,266,266,68,211,22,0,60,2930
H84042,2020,07,KT36DR,1133,71,1578,1590,424,1131,63,0,403,16189
H84044,2020,07,TW25TU,613,9,963,982,228,622,41,0,147,8913
H84048,2020,07,TW12AR,450,65,639,644,126,504,44,0,165,7144
H84050,2020,07,KT92GY,710,43,951,965,205,702,41,0,275,9437
H84051,2020,07,KT36AA,275,20,617,632,284,524,28,0,78,6600
H84053,2020,07,KT66EZ,458,20,596,604,130,384,51,0,155,6153
H84054,2020,07,KT67QG,142,20,433,434,169,336,17,0,37,3848
H84055,2020,07,SW148LP,745,51,1176,1190,192,740,137,0,237,11748
H84057,2020,07,TW25AU,173,29,411,418,122,356,33,0,45,3657
H84059,2020,07,TW118HU,322,13,455,466,92,294,55,0,52,4834
H84060,2020,07,TW11PS,307,26,665,669,139,614,19,0,73,6744
H84061,2020,07,KT25AD,580,14,624,629,143,440,52,0,243,7607
H84062,2020,07,KT66EZ,592,18,784,789,161,598,51,0,155,8787
H84618,2020,07,KT59QD,216,3,630,631,212,417,34,0,65,4640
H84619,2020,07,KT66BS,541,32,589,600,128,362,46,6,179,6786
H84623,2020,07,TW121NY,956,46,1171,1183,268,891,47,0,255,11439
H84625,2020,07,TW26EE,271,17,652,662,173,441,82,0,61,5779
H84629,2020,07,KT34BH,202,3,479,485,184,484,47,0,63,5292
H84630,2020,07,TW26JL,114,3,338,339,100,240,12,0,33,2935
H84635,2020,07,KT47LG,861,55,1455,1476,347,1000,77,0,254,14366
H84639,2020,07,TW94BH,173,5,161,162,56,156,19,0,71,2369
H85001,2020,07,SW184DD,779,42,967,995,282,729,103,0,227,12513
H85002,2020,07,SW112PH,637,25,1172,1201,390,710,50,4,218,12002
H85003,2020,07,SW83RX,621,42,937,943,310,786,130,0,131,11725
H85005,2020,07,SW177AL,938,90,1766,1784,659,1240,77,0,276,18064
H85006,2020,07,SW154AA,745,70,855,860,291,717,114,4,175,10652
H85007,2020,07,SW185AE,829,120,1421,1452,357,1167,89,0,276,17163
H85008,2020,07,SW154HN,743,79,1080,1107,287,932,208,0,180,14743
H85009,2020,07,SW129HS,638,36,744,757,188,522,71,0,206,9807
H85011,2020,07,SW166PX,586,94,1656,1674,524,899,20,0,188,13201
H85012,2020,07,SW156TQ,1199,104,1658,1675,349,1226,81,4,404,16900
H85018,2020,07,SM26LX,586,26,922,926,230,636,48,2,122,9429
H85020,2020,07,SW208DA,2313,256,3835,3856,725,2522,131,0,696,37690
H85021,2020,07,SM52RT,722,24,745,746,219,599,72,0,191,8859
H85022,2020,07,SM68AW,457,8,529,530,122,447,40,0,117,6224
H85023,2020,07,SM46BH,654,26,1019,1034,301,805,74,0,135,10246
H85024,2020,07,CR43PR,702,94,1504,1513,573,1061,138,0,146,15765
H85025,2020,07,SM52RE,1595,48,1798,1811,249,1309,90,0,479,20322
H85026,2020,07,SW194DL,569,70,836,843,159,540,54,0,168,9689
H85027,2020,07,SW195BY,441,58,629,630,93,484,59,0,108,7984
H85028,2020,07,SW191NX,523,75,965,969,199,704,34,0,157,9268
H85029,2020,07,CR41BP,554,74,1315,1343,426,843,27,0,131,12223
H85030,2020,07,SM14AF,1235,56,2238,2254,441,1518,171,0,294,20174
H85031,2020,07,SM14EB,1145,68,1496,1502,354,1223,136,0,302,16068
H85032,2020,07,SM53LS,232,14,395,395,77,258,31,0,51,4098
H85033,2020,07,CR41DL,653,60,1049,1060,356,809,46,0,175,11219
H85035,2020,07,SW165HF,293,31,808,810,201,497,17,0,63,7274
H85037,2020,07,SW193DA,823,43,1387,1401,335,1178,36,0,285,13623
H85038,2020,07,CR43DA,941,59,1329,1343,378,877,50,0,235,15043
H85041,2020,07,SW184HH,991,60,1479,1505,456,970,114,8,274,15936
H85045,2020,07,SW113AD,1016,128,1844,1862,492,1468,63,0,235,17964
H85047,2020,07,SW113UJ,782,65,1579,1609,515,908,50,7,249,13760
H85048,2020,07,SW184DU,1433,64,1766,1801,526,1238,106,0,412,21168
H85049,2020,07,SW111HG,291,36,505,519,134,350,20,0,103,5301
H85051,2020,07,SW200LW,933,139,1974,2004,347,1360,34,0,277,17357
H85052,2020,07,SW166LY,445,24,990,1000,288,730,17,0,128,9120
H85053,2020,07,SM14NG,318,32,776,785,272,605,64,0,78,6613
H85055,2020,07,KT36JD,430,27,895,906,253,672,56,0,138,8787
H85057,2020,07,SW185DS,224,17,328,330,64,197,29,0,84,4037
H85061,2020,07,SW152TL,758,44,1069,1082,259,764,67,4,262,11992
H85063,2020,07,SM38EP,1506,113,3324,3349,684,2508,109,0,384,26798
H85065,2020,07,SW154LE,337,13,652,656,230,390,7,0,75,5659
H85066,2020,07,SW177AW,1117,81,1162,1170,299,759,68,20,388,14964
H85067,2020,07,SW154DU,440,17,636,646,173,480,82,25,126,6546
H85069,2020,07,SW115TU,613,39,855,870,251,581,55,13,205,8969
H85070,2020,07,SM45RT,505,30,1325,1341,642,1076,47,0,160,11925
H85075,2020,07,SW111SW,253,8,456,462,128,252,13,0,88,4241
H85076,2020,07,SM39EY,778,71,1294,1302,261,1071,32,0,279,13426
H85077,2020,07,SW116BF,256,42,845,853,259,494,22,5,76,8206
H85078,2020,07,CR43HS,152,8,418,422,116,261,7,0,42,4117
H85082,2020,07,SW184HX,204,8,588,590,224,418,17,0,72,5656
H85087,2020,07,SW128EU,346,62,1503,1510,665,1177,7,0,123,12154
H85088,2020,07,SW112EJ,164,11,437,441,140,253,27,0,25,3916
H85090,2020,07,CR43LD,358,27,993,1010,331,554,48,0,109,8988
H85092,2020,07,SW191YG,264,30,909,917,353,613,20,0,55,9010
H85095,2020,07,SM12RJ,1074,74,1439,1454,482,1184,91,0,287,16733
H85100,2020,07,SW196EW,394,28,742,756,187,582,29,0,103,7299
H85101,2020,07,SW209EA,489,50,851,856,203,667,39,0,175,9275
H85103,2020,07,SM67HF,543,22,776,781,243,575,74,0,184,6962
H85105,2020,07,SM38BS,974,71,1500,1514,247,856,93,25,298,14838
H85110,2020,07,CR44DQ,408,20,714,717,250,554,20,0,59,7202
H85111,2020,07,SW115JP,797,38,1096,1106,392,714,51,9,255,12645
H85112,2020,07,SW197JL,141,5,258,259,49,180,8,0,69,2559
H85113,2020,07,SM68BL,305,20,619,623,142,453,44,0,71,5470
H85114,2020,07,SW128TT,766,31,709,721,162,461,40,0,209,8571
H85115,2020,07,SM60HY,1258,76,2085,2103,511,1637,101,0,282,20837
H85116,2020,07,SM69DW,1137,31,938,943,281,786,135,0,315,13044
H85618,2020,07,SM39HE,670,28,1407,1418,397,929,65,0,218,12242
H85634,2020,07,SW191DG,432,20,722,725,195,478,1,0,169,6532
H85637,2020,07,SW129HS,42,1,200,204,77,128,2,0,13,1978
H85649,2020,07,SW192BY,662,49,1460,1480,413,858,56,0,170,13564
H85653,2020,07,SM60HY,1816,90,3032,3073,752,2218,228,0,401,28828
H85656,2020,07,SW197JZ,287,14,546,547,212,417,10,0,69,5826
H85659,2020,07,SW111SW,323,3,312,320,67,176,16,0,115,4217
H85662,2020,07,SM53RB,247,7,595,598,110,400,22,1,63,4894
H85665,2020,07,SM69BY,311,5,536,538,152,385,46,18,102,4661
H85680,2020,07,SW179HQ,433,36,1308,1325,497,855,16,0,109,11464
H85682,2020,07,SW196AE,729,48,940,950,371,860,72,21,184,11552
H85683,2020,07,SM46RS,540,15,826,848,316,682,34,0,101,8438
H85686,2020,07,SM12DB,700,75,1409,1417,327,939,69,0,180,12948
H85693,2020,07,SM51JF,1337,50,1778,1785,509,1416,163,0,378,17879
H85695,2020,07,SW166BL,204,2,430,453,149,281,16,0,52,4194
J81002,2020,07,BH229HB,1007,81,1296,1309,223,1062,97,0,209,17723
J81003,2020,07,BH91BP,579,18,493,496,142,379,19,0,205,7158
J81004,2020,07,BH25QR,1024,62,1189,1195,209,830,69,0,279,15043
J81005,2020,07,DT65BN,2364,65,4055,4073,568,2927,159,2,693,38480
J81006,2020,07,BH152HX,3618,133,3777,3820,767,2619,229,0,816,50439
J81009,2020,07,DT52BJ,1982,16,2640,2648,551,1774,90,0,538,26267
J81010,2020,07,BH191HB,1336,39,1855,1866,331,1418,69,0,280,21452
J81011,2020,07,BH204PG,999,34,1689,1693,269,1131,51,0,224,16022
J81012,2020,07,BH140DJ,1823,45,1707,1720,353,1164,41,0,444,21289
J81013,2020,07,BH178UE,1214,25,1137,1148,274,839,69,0,307,15085
J81014,2020,07,BH49HJ,1445,59,1941,1943,271,1427,92,0,451,23663
J81016,2020,07,DT12EW,659,14,971,980,172,618,42,0,174,10731
J81017,2020,07,DT96LG,381,11,1026,1028,127,644,34,0,80,8123
J81018,2020,07,BH65AJ,1180,49,1340,1354,232,963,86,0,351,17190
J81019,2020,07,DT117BH,3401,86,5565,5592,883,4070,130,0,829,49200
J81020,2020,07,BH207HB,499,3,769,780,136,589,28,0,113,7462
J81021,2020,07,BH51LX,2875,71,1837,1847,464,1423,239,6,780,29635
J81022,2020,07,BH220HX,923,55,1431,1439,190,1127,63,0,171,16676
J81025,2020,07,BH206DR,983,54,1330,1345,221,904,27,1,251,13176
J81027,2020,07,DT47BY,2521,38,3374,3409,594,2238,258,0,576,38454
J81028,2020,07,BH235ET,1761,158,3709,3720,441,2612,134,0,381,38908
J81029,2020,07,DT93DG,593,27,1345,1355,178,968,56,0,64,12265
J81030,2020,07,BH317PY,759,28,1473,1479,259,1086,24,0,125,14044
J81033,2020,07,BH104BX,2004,51,1639,1649,366,1157,97,0,514,24536
J81034,2020,07,BH211AP,1213,39,1478,1489,238,1130,142,0,283,19437
J81035,2020,07,DT110AT,646,28,806,819,150,715,46,1,189,8923
J81036,2020,07,BH123HF,939,22,840,845,197,439,33,0,305,12389
J81039,2020,07,BH92XF,636,8,710,713,150,527,23,0,210,9255
J81041,2020,07,BH188EE,1658,54,2142,2157,337,1686,112,0,428,26497
J81042,2020,07,BH125BF,782,11,764,766,184,516,68,0,191,10129
J81044,2020,07,BH124AY,1946,23,1880,1894,353,1228,112,1,380,23297
J81045,2020,07,BH105EY,1795,51,1557,1582,374,1120,95,0,434,22191
J81046,2020,07,BH188EE,1187,49,1398,1407,220,1031,46,0,316,17094
J81047,2020,07,BH93LQ,1177,30,1166,1170,240,664,85,0,290,15108
J81048,2020,07,BH148BQ,482,21,611,617,111,455,54,0,148,7288
J81049,2020,07,BH63DB,984,65,1241,1246,208,712,36,0,259,14297
J81051,2020,07,DT49BE,2152,31,2601,2610,471,1640,140,0,484,29180
J81052,2020,07,BH151AE,869,12,754,758,182,626,69,0,226,10020
J81054,2020,07,BH148EE,531,57,937,945,135,771,82,0,143,12265
J81056,2020,07,BH233AF,2561,87,3441,3464,631,2468,143,1,605,40004
J81057,2020,07,BH233AF,785,19,1077,1078,211,857,64,0,167,12801
J81058,2020,07,BH215QE,1319,48,1830,1835,361,1361,77,0,403,20634
J81059,2020,07,BH65BF,993,26,893,904,125,577,107,0,281,12808
J81061,2020,07,BH229HB,751,44,1358,1381,231,989,92,0,142,16287
J81062,2020,07,BH89EW,998,37,971,980,204,674,51,0,280,14102
J81064,2020,07,BH152PG,438,19,506,510,101,320,26,0,144,5904
J81066,2020,07,BH231PA,1071,27,1485,1498,272,1236,88,0,288,17080
J81067,2020,07,BH77BU,400,23,463,473,73,322,16,0,96,5787
J81068,2020,07,DT11QR,1172,24,1642,1646,333,1060,40,0,264,17347
J81070,2020,07,BH119ST,1077,24,1163,1179,240,878,57,0,253,14960
J81071,2020,07,BH106ES,299,6,368,373,74,261,11,0,60,4493
J81072,2020,07,BH13EG,1120,30,1016,1029,207,696,36,0,310,12839
J81073,2020,07,DT47DW,3032,40,3063,3075,656,2216,221,3,735,37438
J81074,2020,07,DT83EQ,754,31,1550,1566,186,956,37,0,227,11662
J81075,2020,07,DT49QX,952,17,1238,1242,212,908,64,0,244,12148
J81076,2020,07,DT20DB,936,14,1490,1500,231,1127,73,0,276,14750
J81077,2020,07,BH211NL,570,11,904,915,108,578,38,0,116,8573
J81078,2020,07,DT94DL,1613,59,2677,2694,394,2035,136,0,336,26107
J81081,2020,07,SP84XS,1739,36,2607,2619,493,1713,40,0,405,25506
J81082,2020,07,DT12FD,915,19,1352,1368,267,816,74,0,256,13919
J81083,2020,07,SP55PA,455,32,922,924,108,741,20,0,145,8284
J81086,2020,07,BH140HU,682,17,524,526,110,289,29,0,208,7854
J81087,2020,07,BH177XW,926,19,936,948,182,631,54,0,297,11127
J81609,2020,07,DT34NS,359,6,766,770,72,540,13,0,71,6270
J81612,2020,07,BH205HH,341,6,900,907,122,522,30,0,67,6563
J81613,2020,07,DT47LE,855,19,1259,1261,180,842,78,2,233,12506
J81616,2020,07,DT28FY,654,20,1095,1106,179,792,5,0,270,9423
J81620,2020,07,DT101QU,2904,105,5600,5622,853,3918,122,0,681,50167
J81621,2020,07,BH228AZ,784,28,973,978,232,767,27,0,195,11469
J81625,2020,07,BH91PB,1065,17,762,772,173,572,36,0,251,12028
J81626,2020,07,DT11LD,854,26,808,813,169,612,53,0,192,10551
J81628,2020,07,DT66PE,264,10,561,563,81,384,23,0,68,5833
J81631,2020,07,BH207BQ,246,17,357,360,67,270,6,0,28,4412
J81633,2020,07,BH89NX,454,9,434,435,86,306,9,0,112,5531
J81634,2020,07,BH14HA,1691,28,1261,1271,309,856,62,0,456,17384
J81637,2020,07,DT12FD,797,17,1158,1169,175,778,42,0,224,12423
J81644,2020,07,BH211PL,363,10,323,341,76,187,13,0,90,4614
J81646,2020,07,BH232FQ,751,50,909,916,145,617,30,0,166,10771
J81647,2020,07,DT73HT,744,22,1377,1385,232,991,42,0,146,12921
J81648,2020,07,BH152PG,659,15,529,536,115,320,90,0,98,6585
J82001,2020,07,SO163BD,665,11,682,684,164,545,47,0,233,8308
J82002,2020,07,SO168HY,1428,28,1236,1244,180,942,126,0,454,18232
J82005,2020,07,PO96BN,617,43,893,899,85,588,28,0,190,8971
J82006,2020,07,PO123PN,1506,76,1398,1412,291,1135,91,0,420,18627
J82007,2020,07,BH255JP,4468,239,6258,6297,775,4897,298,0,1291,71944
J82008,2020,07,SO303PY,819,45,844,846,123,538,23,0,245,11355
J82009,2020,07,PO107DD,1070,90,1561,1566,157,1033,125,0,395,17385
J82010,2020,07,PO91DQ,1914,55,1917,1936,304,1202,99,0,664,22954
J82012,2020,07,PO169TU,994,40,1096,1104,124,680,29,0,384,12729
J82015,2020,07,GU148QB,866,19,877,885,255,620,77,0,198,10020
J82016,2020,07,SO206HG,947,15,1552,1566,248,953,55,0,280,14838
J82017,2020,07,SP103LD,1132,20,1280,1290,150,918,107,5,328,15254
J82018,2020,07,SO508AU,1960,110,1887,1912,186,1359,107,0,482,24622
J82019,2020,07,SO532LH,1094,62,1403,1412,163,854,77,1,362,16374
J82020,2020,07,SO509AG,507,10,653,657,91,424,30,0,179,6875
J82021,2020,07,PO119AP,1160,61,1312,1338,163,1074,88,0,299,16145
J82022,2020,07,SO155SY,1237,31,1506,1511,331,1041,79,0,386,18082
J82023,2020,07,PO157LB,905,26,964,969,108,471,34,0,289,10766
J82024,2020,07,SO164XE,1685,20,1393,1409,436,1143,93,12,558,18875
J82025,2020,07,SP103JY,1229,20,1355,1361,139,818,110,0,426,16690
J82026,2020,07,PO167ER,2047,116,2375,2393,220,1495,116,0,571,24588
J82028,2020,07,PO53ND,2476,90,2042,2056,399,1506,304,18,737,29283
J82033,2020,07,PO156QA,931,48,876,879,103,481,47,5,274,10419
J82034,2020,07,PO175GU,1750,68,2891,2903,329,1920,48,0,457,26154
J82035,2020,07,SO238AD,1538,62,1112,1125,190,662,168,0,415,18104
J82036,2020,07,GU321LR,329,25,525,530,43,386,12,0,118,4561
J82039,2020,07,BH241JY,1204,68,1748,1751,193,1120,101,0,299,20106
J82040,2020,07,SO186TG,1537,24,1105,1134,191,845,95,0,424,16483
J82041,2020,07,PO92AT,939,19,880,889,150,632,97,17,289,11701
J82042,2020,07,GU350BP,1821,42,2607,2630,545,1784,78,0,643,25084
J82044,2020,07,PO144EH,769,17,1056,1065,124,656,15,0,241,9993
J82049,2020,07,GU170DD,1914,60,2937,2953,567,2005,116,0,475,29542
J82050,2020,07,SO225DD,1275,43,1113,1119,124,718,123,0,462,15092
J82051,2020,07,SO314NQ,2108,80,1941,1968,212,1214,169,0,691,23951
J82053,2020,07,SP101HA,822,12,870,875,90,608,57,0,212,10914
J82054,2020,07,RG179UX,910,44,1471,1483,171,856,27,0,254,12003
J82055,2020,07,PO52PW,1371,57,1279,1285,165,875,90,4,390,16447
J82056,2020,07,SO455WX,2186,42,2758,2778,583,1854,46,0,772,30895
J82058,2020,07,RG217AP,2442,58,2478,2489,572,1292,99,0,685,25076
J82059,2020,07,GU345EW,754,19,1241,1252,127,847,72,0,286,11582
J82060,2020,07,PO51AT,1605,18,1196,1199,149,977,135,5,378,19171
J82061,2020,07,RG291JY,1196,30,1494,1506,208,857,105,0,313,14699
J82062,2020,07,SO164AH,1538,29,1187,1210,248,974,188,2,411,19687
J82063,2020,07,SO509AG,816,16,747,757,120,448,55,0,216,9758
J82064,2020,07,SO321GR,1660,31,2627,2674,304,1666,99,0,529,23660
J82066,2020,07,GU111AY,2062,78,2414,2439,707,1726,236,0,773,25865
J82067,2020,07,GU147JN,1261,36,1659,1668,343,1101,66,2,309,17163
J82069,2020,07,RG224EH,5038,81,5572,5612,1150,3307,288,0,1438,59182
J82071,2020,07,SO505PT,1122,15,972,977,105,519,22,0,410,10415
J82072,2020,07,SO454JA,1142,33,1367,1374,212,820,115,0,266,15709
J82073,2020,07,PO35AF,1371,54,1110,1113,206,953,111,0,299,14805
J82074,2020,07,SO518ED,1733,61,2821,2837,330,1735,138,0,595,26170
J82075,2020,07,SO419ND,619,23,1077,1088,114,946,60,0,217,11033
J82076,2020,07,SO199AL,2010,65,1747,1761,260,1258,98,0,637,22286
J82077,2020,07,RG249DT,1463,61,1750,1762,456,1085,98,2,336,18176
J82079,2020,07,RG265BH,889,52,979,991,187,617,48,0,334,10573
J82080,2020,07,SO171BJ,465,1,147,151,11,100,9,0,204,2976
J82081,2020,07,SO141LT,1758,22,1582,1594,361,1274,202,11,718,20325
J82082,2020,07,SP105DE,1576,22,1259,1267,202,787,102,0,537,16954
J82083,2020,07,PO123JP,4513,114,4556,4585,650,3056,212,0,1141,53648
J82084,2020,07,PO123PW,588,23,778,786,116,464,49,0,124,8347
J82085,2020,07,PO14JT,2676,60,1989,1993,414,1386,113,0,775,28917
J82087,2020,07,SO162JA,808,22,659,666,142,528,68,11,265,9630
J82088,2020,07,SO153UA,1226,21,1266,1274,206,924,69,11,357,15562
J82089,2020,07,SO304FQ,1495,71,1555,1570,191,965,84,0,478,19478
J82090,2020,07,PO48TA,1583,30,1171,1175,280,946,153,0,415,17821
J82092,2020,07,SO165ST,866,21,813,819,152,591,69,0,272,11037
J82094,2020,07,RG264ER,3066,110,4545,4562,760,2565,242,0,748,41621
J82098,2020,07,GU323AB,1756,82,2426,2437,309,1847,124,3,550,26515
J82099,2020,07,GU527US,1128,83,1497,1510,265,920,86,0,220,15710
J82101,2020,07,SO190HS,2338,44,2245,2274,383,1546,89,0,670,26271
J82102,2020,07,PO61PA,1827,70,1957,1960,160,1233,152,0,545,25305
J82103,2020,07,SP101DP,1208,21,1170,1174,151,742,66,0,428,14211
J82104,2020,07,PO142JP,1295,117,1989,1998,167,1137,61,0,369,19979
J82106,2020,07,SO213LE,715,26,1200,1209,180,795,59,0,238,11281
J82110,2020,07,GU514PE,866,45,1411,1421,204,811,54,0,286,13467
J82112,2020,07,SO408WU,2729,57,3275,3301,452,1853,122,0,814,35327
J82114,2020,07,PO63AW,1000,18,921,923,223,670,32,0,292,12560
J82115,2020,07,SO153FH,701,3,544,546,127,474,43,5,220,6858
J82116,2020,07,SO211QY,1193,51,1573,1579,199,1202,27,0,462,16035
J82119,2020,07,PO76NR,919,42,1362,1375,117,937,54,0,234,13810
J82120,2020,07,GU147AW,1234,61,1434,1449,346,1004,111,0,353,15274
J82121,2020,07,SO529EP,863,27,1058,1066,149,675,25,0,281,12654
J82122,2020,07,SO146UX,960,35,941,949,247,750,92,5,254,12762
J82124,2020,07,SO249JL,1074,48,2269,2288,195,1287,56,2,346,17914
J82125,2020,07,GU140HQ,862,26,1200,1205,275,867,43,0,256,11264
J82126,2020,07,SO155AL,483,42,549,558,121,385,42,0,149,7954
J82128,2020,07,SO199AN,875,25,790,792,102,603,30,0,323,10308
J82129,2020,07,SO427RY,703,33,1342,1363,156,884,45,0,201,12466
J82130,2020,07,SO226EL,1722,90,1547,1559,152,922,179,0,521,20930
J82131,2020,07,SP61RS,1758,103,3222,3231,434,2237,118,0,489,29954
J82132,2020,07,SO403PY,1815,30,2343,2361,249,1614,105,0,585,26119
J82133,2020,07,PO123AX,739,29,750,753,132,560,45,0,196,10052
J82134,2020,07,PO77AH,3131,102,3118,3129,465,2306,142,0,1009,38868
J82135,2020,07,GU514JX,904,63,1393,1403,251,877,100,0,267,13813
J82136,2020,07,GU341RJ,942,28,845,852,138,622,49,0,192,11637
J82138,2020,07,RG278QJ,1947,63,2955,2977,478,1814,138,0,504,26153
J82139,2020,07,SO419GJ,1705,96,3166,3191,294,2176,197,0,493,32349
J82142,2020,07,GU124DN,1245,22,1630,1639,484,1262,44,0,352,15987
J82143,2020,07,SO532ZH,1098,30,1508,1515,153,865,62,0,316,15930
J82144,2020,07,RG217AN,3584,96,2675,2701,586,1927,318,0,918,38451
J82145,2020,07,SO518EN,2127,71,3100,3129,284,1795,117,0,659,29555
J82146,2020,07,SO437EW,458,17,684,693,67,436,38,0,148,7884
J82147,2020,07,PO80QL,709,17,764,767,89,422,26,0,218,8558
J82149,2020,07,PO28HP,1618,50,1361,1367,188,1088,62,9,515,17814
J82150,2020,07,BH241SD,1123,73,1600,1603,194,1080,96,0,299,19457
J82151,2020,07,BH238AD,591,29,907,912,139,618,26,0,134,9923
J82152,2020,07,PO130HR,1053,32,1270,1275,197,898,37,0,349,15838
J82154,2020,07,PO156JF,1784,122,1823,1842,240,1410,47,0,505,22492
J82155,2020,07,PO28AL,8113,231,7106,7138,1546,5599,438,0,1975,91119
J82156,2020,07,SO456AW,676,22,824,831,109,588,76,0,209,10685
J82157,2020,07,GU342QX,1792,46,1802,1810,334,1189,82,0,624,20916
J82161,2020,07,PO169AD,1058,46,1326,1331,123,887,37,0,364,13891
J82163,2020,07,PO88DL,1859,93,2430,2457,266,1663,59,0,446,25234
J82164,2020,07,GU307DR,1460,70,2134,2151,198,1408,46,0,430,20185
J82169,2020,07,SO504QP,701,8,530,535,65,380,39,0,222,7355
J82174,2020,07,SO316DX,1106,41,1405,1420,141,753,76,0,324,14528
J82178,2020,07,GU111BJ,1143,26,1391,1400,375,996,138,0,354,14296
J82180,2020,07,SO183RA,598,10,538,544,94,374,21,0,202,6278
J82181,2020,07,GU148UE,1084,53,1399,1401,381,989,62,0,344,12486
J82183,2020,07,SO172GN,488,9,526,532,103,395,35,0,116,6290
J82184,2020,07,GU350BS,224,9,378,379,68,225,3,0,60,3707
J82188,2020,07,SO314NQ,470,9,459,477,25,330,32,0,138,5210
J82192,2020,07,SO302US,875,17,919,929,87,525,25,0,313,10351
J82194,2020,07,PO36BH,2019,69,1759,1763,238,1374,99,0,516,22249
J82196,2020,07,PO92AQ,2020,50,1609,1624,300,1182,114,4,619,22358
J82197,2020,07,GU105LP,424,31,735,740,95,393,35,0,77,6570
J82198,2020,07,GU111AY,421,43,468,472,169,343,62,0,100,5694
J82199,2020,07,PO12BH,376,2,141,145,10,88,15,0,216,2669
J82201,2020,07,GU314JR,586,20,700,703,82,454,47,10,169,8707
J82207,2020,07,SO155DD,685,18,627,635,87,411,34,0,272,7862
J82208,2020,07,SO199RL,743,27,630,633,151,497,42,0,247,7622
J82210,2020,07,PO119AP,910,53,1212,1223,190,1052,88,4,262,15625
J82213,2020,07,SO164NZ,644,4,533,540,115,332,42,0,191,7088
J82214,2020,07,RG287AE,948,25,1384,1393,153,889,42,0,343,13081
J82215,2020,07,PO139JG,1309,62,1636,1645,185,994,79,0,380,18073
J82216,2020,07,SO317DQ,1068,53,1362,1378,145,960,20,0,363,15429
J82218,2020,07,RG248ND,1462,43,1239,1244,290,744,81,0,504,15264
J82220,2020,07,RG224AQ,578,4,494,497,105,329,32,0,202,5705
J82605,2020,07,SO152HQ,258,3,186,187,34,121,7,0,99,2461
J82622,2020,07,SO199GH,3245,71,2671,2691,424,1870,113,20,1063,35224
J82625,2020,07,GU345HG,389,13,477,485,109,322,30,0,149,5387
J82628,2020,07,GU105RF,531,72,813,815,125,553,37,0,135,7077
J82630,2020,07,GU146DH,536,31,508,509,168,430,38,0,180,5636
J82633,2020,07,GU337AD,595,21,781,784,127,566,62,0,185,8621
J82639,2020,07,RG205QX,2041,84,3101,3120,463,1831,95,0,561,27424
J82640,2020,07,PO80BN,685,29,863,870,127,592,24,0,225,9106
J82646,2020,07,PO93HN,1055,16,984,996,130,773,57,7,257,13207
J82663,2020,07,SO171TL,265,0,160,162,29,101,27,0,115,2320
J82669,2020,07,PO139SP,1038,12,754,759,155,639,87,0,261,10583
J83001,2020,07,SN34BF,1455,3,2141,2155,287,1761,75,0,433,23232
J83002,2020,07,SN67DN,2940,8,4264,4293,555,2986,153,0,839,40164
J83003,2020,07,SP27TD,1260,10,1765,1769,168,1069,92,0,436,18440
J83004,2020,07,SP52SU,796,80,1409,1414,138,784,46,0,250,12605
J83005,2020,07,SP47DL,1423,69,1903,1905,231,1188,92,0,519,19117
J83006,2020,07,SN54BD,1135,54,1568,1585,179,1115,144,0,246,17068
J83007,2020,07,SN146GT,1811,50,2096,2108,268,1418,133,13,571,22395
J83008,2020,07,BA147EH,1898,57,1875,1891,192,1736,160,13,564,25999
J83009,2020,07,SN49LW,2389,31,3583,3612,337,2761,125,0,615,33992
J83010,2020,07,SN139DL,1452,90,1673,1685,152,1275,94,6,425,20509
J83011,2020,07,SN127EA,1732,65,3173,3184,261,2229,147,0,453,27760
J83013,2020,07,SN138NA,832,45,1003,1013,136,779,39,0,259,11779
J83014,2020,07,SP119RA,2043,80,2454,2464,279,1739,82,4,672,24930
J83016,2020,07,BA148QA,3134,78,3465,3479,310,2300,254,8,786,39206
J83018,2020,07,BA129AA,2019,78,2780,2790,310,1758,128,0,507,29333
J83019,2020,07,SP20JU,1490,81,2505,2510,346,1495,120,0,426,23564
J83021,2020,07,SP27FD,2745,81,2661,2666,340,1711,216,0,1040,33107
J83022,2020,07,SN14GB,880,1,799,803,105,574,91,30,249,10680
J83023,2020,07,SN96DZ,1003,83,1710,1711,262,1085,65,0,343,15168
J83024,2020,07,SN32EZ,1487,1,1898,1919,297,1454,127,0,366,19212
J83025,2020,07,SN12QU,424,4,734,734,134,504,22,0,82,6895
J83026,2020,07,SP13UH,3021,159,4478,4495,523,2695,224,8,984,43237
J83027,2020,07,SN21UU,2445,3,3013,3030,494,2379,202,0,554,29583
J83029,2020,07,SN47AT,818,58,1192,1198,162,803,110,0,187,12983
J83030,2020,07,BA151DQ,2790,200,4166,4202,449,3228,194,0,725,40819
J83031,2020,07,SN22JG,1999,0,2304,2312,299,1546,122,0,518,23506
J83033,2020,07,SN12DQ,457,0,771,784,264,526,42,0,107,8370
J83034,2020,07,SN102BU,746,26,1011,1012,135,647,80,0,251,11057
J83035,2020,07,SN254YZ,2147,1,2225,2247,380,1626,104,0,576,23457
J83036,2020,07,SN57XY,1290,2,1576,1585,187,1100,120,0,317,16623
J83037,2020,07,SN84BY,1814,86,3189,3203,349,1899,153,0,467,28740
J83038,2020,07,SN32RJ,1425,0,1897,1912,334,1377,52,3,444,17782
J83039,2020,07,SN110HH,1424,55,1788,1793,218,1164,73,1,391,19561
J83040,2020,07,BA133FQ,2373,108,3104,3125,385,2069,186,0,676,33102
J83041,2020,07,SN160FB,1502,118,2248,2271,241,1598,123,3,411,22377
J83042,2020,07,SN152SB,1508,63,1914,1921,263,1303,131,0,369,21950
J83043,2020,07,SP53JP,737,59,1299,1299,151,776,71,0,226,12765
J83045,2020,07,SN82QT,1186,74,1541,1551,236,1104,83,0,405,16585
J83046,2020,07,SN126UN,1743,126,2479,2489,245,1933,73,0,580,24644
J83047,2020,07,SN33TQ,730,2,1229,1241,214,874,48,0,197,11927
J83048,2020,07,SP47LT,762,30,1057,1059,142,743,41,0,241,10445
J83049,2020,07,SN101LQ,1185,36,1326,1335,158,926,100,0,469,16161
J83050,2020,07,SN110EF,1531,36,1750,1755,229,1048,110,0,468,18786
J83052,2020,07,SP13SL,1145,37,1665,1673,228,997,69,0,304,14135
J83053,2020,07,SN101QU,597,19,928,933,105,533,63,0,236,9286
J83055,2020,07,SN47AX,1565,92,1856,1868,269,1329,112,0,518,18693
J83056,2020,07,SN104AQ,586,30,888,889,86,586,67,0,108,8893
J83057,2020,07,SN251QQ,1799,32,2105,2118,325,1667,77,0,605,25131
J83058,2020,07,SP36LF,494,19,912,917,81,532,33,0,150,8248
J83059,2020,07,SN31JL,988,6,1370,1390,188,1053,85,0,213,13944
J83060,2020,07,BA126DT,710,38,1165,1170,162,707,46,1,162,10345
J83064,2020,07,SN55PX,1209,5,1596,1618,169,1063,87,0,329,15027
J83601,2020,07,SN83TA,409,43,952,954,147,609,22,0,145,7038
J83603,2020,07,SN147EJ,402,26,769,772,89,460,31,0,107,7223
J83609,2020,07,SN66AE,419,13,633,634,114,526,37,0,149,6472
J83615,2020,07,SN83PF,460,27,676,681,109,527,30,0,134,6393
J83618,2020,07,SN160LH,304,12,655,656,65,500,34,0,73,5838
J83619,2020,07,SN104JB,195,7,501,501,65,260,3,0,61,3784
J83625,2020,07,SN153SY,932,14,901,902,96,638,90,0,278,9954
J83629,2020,07,SP85DF,178,13,582,582,75,446,5,0,47,5074
J83630,2020,07,SP36DJ,231,15,542,544,51,343,33,0,51,4355
J83633,2020,07,SN13BU,938,1,1303,1310,250,905,59,0,308,12531
J83645,2020,07,SN58SX,544,0,609,612,83,434,45,0,129,6250
J83646,2020,07,SN15HG,783,0,902,907,118,801,49,0,169,9786
J84003,2020,07,PO381EZ,1135,16,1394,1409,104,1263,131,4,280,17277
J84004,2020,07,PO326RP,1395,42,1547,1554,212,1142,69,1,406,17376
J84005,2020,07,PO332EH,1223,48,1455,1463,125,1046,106,0,398,16276
J84007,2020,07,PO331UG,918,15,1887,1899,147,1289,84,0,215,16310
J84008,2020,07,PO332QG,757,7,893,895,102,639,44,0,213,9364
J84011,2020,07,PO301NR,3166,65,2662,2680,308,2348,109,0,787,35788
J84012,2020,07,PO331LP,1843,27,1932,1954,196,1518,188,2,556,23895
J84013,2020,07,PO369GA,3407,71,4976,5004,580,3907,210,0,778,55100
J84015,2020,07,PO317ER,1407,25,1593,1602,183,1207,91,0,486,20095
J84016,2020,07,PO382BN,816,39,1750,1773,190,1235,120,0,253,16370
J84017,2020,07,PO301PR,1267,59,1466,1494,136,1039,173,0,251,17804
J84019,2020,07,PO409DT,1311,58,2293,2309,361,1648,109,0,242,24168
K81001,2020,07,RG129LH,1036,18,1269,1272,233,727,61,0,312,12536
K81002,2020,07,RG147LW,1287,18,1395,1409,271,1046,38,4,298,14800
K81003,2020,07,RG71QY,1342,33,1817,1837,296,1169,98,7,394,18471
K81004,2020,07,RG306BW,1866,71,2582,2595,427,1738,49,0,625,25264
K81005,2020,07,SL25JP,185,3,536,537,216,441,15,0,34,4598
K81006,2020,07,GU470UB,1324,13,2002,2022,344,1095,124,0,316,18222
K81007,2020,07,RG14SJ,348,2,650,666,122,509,15,0,86,5694
K81010,2020,07,SL50AE,443,22,685,693,121,427,29,0,106,6678
K81012,2020,07,RG87DP,1275,66,2094,2118,251,1418,53,0,354,18828
K81014,2020,07,RG47SS,1414,91,2227,2256,330,1488,51,0,553,22008
K81015,2020,07,SL63NW,325,13,422,423,102,332,6,0,77,4266
K81017,2020,07,RG147DF,1534,28,2889,2910,333,1707,66,0,462,22181
K81018,2020,07,SL66JJ,521,16,976,987,150,661,45,0,169,9311
K81019,2020,07,SL62SR,356,4,518,537,126,349,21,0,88,4961
K81020,2020,07,SL68AN,1119,40,1475,1485,270,986,78,0,392,16642
K81021,2020,07,SL39EX,626,25,1208,1214,248,779,44,0,168,11261
K81022,2020,07,RG401XS,1856,96,3475,3522,376,2081,76,0,558,31711
K81024,2020,07,SL38LE,1495,55,2795,2831,862,2064,148,0,395,27368
K81025,2020,07,RG403RG,1363,44,2492,2551,286,1255,96,1,374,22020
K81026,2020,07,RG17JE,439,23,915,927,232,505,36,2,124,7847
K81027,2020,07,RG73SQ,1513,50,2352,2372,338,1700,59,0,434,23206
K81028,2020,07,SL50QJ,465,50,701,703,104,438,41,0,102,7531
K81030,2020,07,RG127WW,2128,67,2916,2949,648,1969,60,0,566,27374
K81034,2020,07,SL13NY,560,20,1145,1151,383,831,31,0,139,11430
K81036,2020,07,SL68AJ,639,23,930,936,186,603,30,2,228,9680
K81039,2020,07,SL22DG,1081,32,1340,1341,464,1175,88,1,196,14657
K81040,2020,07,RG20AR,1002,12,1402,1414,274,924,38,0,307,15468
K81041,2020,07,RG48RA,765,36,1169,1182,159,786,74,0,274,12367
K81042,2020,07,SL69HX,484,19,976,983,143,713,53,0,167,9151
K81043,2020,07,SL11TT,1006,22,1613,1629,608,1047,111,0,284,15959
K81045,2020,07,RG61JS,1010,65,1529,1552,314,1002,43,0,312,16708
K81046,2020,07,SL43EW,474,19,818,822,119,576,66,0,147,7318
K81047,2020,07,RG67HG,1246,46,1972,2006,338,1157,71,0,405,20134
K81048,2020,07,RG27SZ,799,9,950,958,214,728,72,0,168,10146
K81050,2020,07,RG208UY,1036,18,1492,1504,269,1227,10,2,44,15230
K81051,2020,07,RG54JA,1075,19,1317,1323,216,723,71,5,226,14373
K81052,2020,07,RG178PS,565,18,1121,1127,148,884,42,0,147,9670
K81055,2020,07,RG108BP,730,61,1681,1705,145,1074,96,0,275,14429
K81056,2020,07,RG315PR,399,4,687,695,83,458,25,0,99,6481
K81057,2020,07,RG170HY,699,24,667,673,83,521,42,1,188,8624
K81059,2020,07,RG423JP,778,15,1057,1070,166,648,55,0,230,10075
K81060,2020,07,RG425JG,564,14,734,766,144,370,45,0,192,7661
K81062,2020,07,RG301AT,2087,55,2548,2577,446,1550,89,3,678,27853
K81063,2020,07,RG141JU,2191,73,2771,2805,458,1702,69,26,659,27543
K81066,2020,07,SL66EL,1186,95,1416,1425,368,945,81,0,305,16824
K81068,2020,07,SL41BZ,567,42,967,974,169,660,50,0,171,9097
K81069,2020,07,RG54UX,1053,35,1651,1669,173,993,67,2,281,15944
K81070,2020,07,RG109JA,977,30,1699,1716,182,1181,86,0,280,16064
K81073,2020,07,RG183HD,2116,49,2571,2589,527,1875,74,0,661,27158
K81074,2020,07,SL45AS,729,18,865,871,128,446,33,0,242,8399
K81075,2020,07,SL21HD,2035,40,3520,3529,1052,2175,130,0,438,31427
K81076,2020,07,SL57LS,536,24,1088,1092,195,726,59,0,168,10134
K81077,2020,07,RG75AS,1310,27,2080,2093,300,1450,44,0,468,17902
K81078,2020,07,RG301HG,947,41,1368,1385,282,874,99,15,339,15788
K81080,2020,07,RG456JL,336,15,729,750,80,391,39,0,119,6685
K81081,2020,07,RG17XD,166,4,302,302,57,199,3,0,42,2120
K81082,2020,07,SL15ND,953,34,1387,1401,440,834,55,0,254,13271
K81083,2020,07,SL16BB,629,53,2095,2120,972,1597,52,0,156,20024
K81084,2020,07,SL68DS,405,20,631,649,112,352,57,0,108,6323
K81085,2020,07,SL13DQ,338,8,1102,1107,592,1060,26,0,96,12445
K81086,2020,07,SL13XU,498,18,1166,1178,761,966,61,0,94,14182
K81087,2020,07,RG127BB,554,3,507,511,83,312,30,0,170,5766
K81089,2020,07,SL12PX,335,8,605,610,189,380,30,0,71,5703
K81092,2020,07,RG413DR,792,22,1150,1163,141,735,32,0,265,10873
K81094,2020,07,RG128WY,222,3,364,366,121,359,12,0,61,3910
K81097,2020,07,SL63PH,472,28,939,948,138,663,24,0,114,7194
K81100,2020,07,RG15PG,305,5,514,519,76,247,16,0,104,4167
K81102,2020,07,RG194YF,1123,17,1115,1123,204,809,20,0,394,12109
K81103,2020,07,RG76NS,897,16,1285,1296,201,915,28,4,90,13717
K81605,2020,07,RG27HE,1684,39,1676,1691,368,1067,63,9,637,18954
K81607,2020,07,SL67DQ,169,8,482,487,267,434,9,0,33,4652
K81608,2020,07,SL15PP,294,6,673,677,284,490,27,0,51,6041
K81610,2020,07,RG129PG,1770,30,1761,1777,359,1163,66,0,497,19003
K81613,2020,07,RG13NQ,254,9,646,656,212,482,6,1,53,6109
K81616,2020,07,SL25JE,99,7,631,638,276,467,18,0,16,5520
K81622,2020,07,RG67RU,96,7,222,227,45,163,2,0,23,2193
K81630,2020,07,SL46AP,1066,79,1569,1574,272,1061,64,0,286,14912
K81633,2020,07,RG29EH,761,60,884,899,142,592,43,0,200,10909
K81636,2020,07,RG17XG,504,14,586,594,154,366,6,0,147,7108
K81638,2020,07,RG401PH,348,1,307,310,59,202,17,0,123,3735
K81644,2020,07,RG315PP,1216,26,1422,1427,189,798,111,2,345,15282
K81645,2020,07,SL25JP,368,9,791,794,328,701,64,0,63,8286
K81651,2020,07,RG15BS,898,30,1356,1371,298,875,83,1,238,13374
K81655,2020,07,SL58AA,329,26,474,482,107,348,15,0,92,4877
K81656,2020,07,RG120TH,333,5,424,425,91,259,17,0,82,4351
K81657,2020,07,RG121LH,294,8,248,254,112,225,18,0,92,3472
K82001,2020,07,HP70HG,564,87,1101,1110,174,712,56,0,124,10774
K82003,2020,07,MK125DF,1246,19,1370,1374,332,977,140,0,393,17578
K82004,2020,07,HP65AY,636,56,1184,1195,193,783,31,0,132,11273
K82006,2020,07,SL09NU,649,23,1467,1473,238,953,25,0,159,12273
K82007,2020,07,MK181NU,2955,123,5412,5446,910,3303,119,0,831,43302
K82008,2020,07,SL99SA,488,39,1051,1058,102,802,47,0,116,10340
K82009,2020,07,MK111YA,774,16,1347,1361,169,1001,82,0,178,13519
K82010,2020,07,HP123AF,557,10,870,879,196,517,25,0,98,8848
K82011,2020,07,HP92JH,461,25,752,763,76,420,68,0,91,7540
K82012,2020,07,HP157UW,427,14,839,847,85,429,24,0,95,7369
K82013,2020,07,MK22EH,1199,25,1792,1797,320,1288,159,0,325,20513
K82014,2020,07,HP201LJ,461,14,605,611,129,506,16,0,90,6436
K82015,2020,07,MK36EN,926,23,1277,1288,197,846,34,0,204,12895
K82016,2020,07,MK168QT,1847,68,2643,2662,343,1864,183,0,434,26388
K82017,2020,07,HP112SD,725,50,1328,1336,248,852,79,0,120,13129
K82018,2020,07,HP199EX,1543,28,2292,2311,483,1505,68,0,465,22139
K82019,2020,07,HP218TR,1208,27,1358,1373,297,821,79,0,269,15920
K82020,2020,07,HP135DN,439,12,844,850,149,456,39,0,115,7600
K82021,2020,07,HP270AX,1068,64,1871,1895,197,1252,43,0,241,17836
K82022,2020,07,HP137UN,655,20,1296,1308,257,862,27,0,209,11138
K82023,2020,07,SL71DN,1540,83,2826,2854,354,1685,167,0,451,25960
K82024,2020,07,HP53EZ,796,80,1261,1270,239,804,25,0,263,12976
K82025,2020,07,MK158AJ,1150,24,1242,1250,307,963,227,2,332,17199
K82026,2020,07,MK37QU,2082,57,2675,2699,534,2108,221,0,476,29153
K82027,2020,07,MK146BL,745,38,774,779,151,514,52,0,171,9169
K82028,2020,07,HP178JX,710,43,1065,1072,141,627,40,0,136,10459
K82029,2020,07,HP109XA,570,14,993,1004,138,651,49,0,147,9898
K82030,2020,07,HP112TT,579,11,1271,1277,275,833,20,0,126,11359
K82031,2020,07,SL24AZ,322,11,597,603,92,400,43,0,70,6105
K82032,2020,07,MK146GL,1102,11,1240,1262,206,800,145,0,299,14002
K82033,2020,07,SL17DE,1760,73,2758,2773,392,1700,148,0,428,26453
K82035,2020,07,HP169EU,264,7,329,330,36,243,22,0,31,3527
K82036,2020,07,HP112RZ,720,23,1193,1201,291,749,60,0,208,12791
K82037,2020,07,HP51ET,1240,103,1513,1516,292,1132,73,0,352,16658
K82038,2020,07,HP201XB,2100,67,3043,3099,524,2032,117,4,443,28389
K82039,2020,07,MK22TX,1150,25,1297,1302,263,874,163,0,241,15640
K82040,2020,07,HP198EN,1272,55,2190,2203,355,1490,52,0,413,18882
K82044,2020,07,HP136SL,567,17,955,963,114,785,29,0,159,10185
K82045,2020,07,SL23ER,351,33,696,700,96,512,36,0,95,6535
K82046,2020,07,HP91PS,856,59,1608,1624,190,986,87,0,238,15000
K82047,2020,07,HP279AX,1262,67,1998,2016,217,1346,58,0,375,18187
K82048,2020,07,HP143SX,700,34,967,976,127,641,38,0,240,9901
K82049,2020,07,HP144LG,1233,73,2844,2882,428,2192,22,0,219,23500
K82051,2020,07,SL99RR,637,40,1443,1461,159,916,92,0,134,14012
K82053,2020,07,HP136SH,915,29,1386,1399,260,931,75,0,252,14781
K82054,2020,07,MK64NE,1190,15,1331,1337,307,826,124,0,324,16087
K82055,2020,07,UB95GA,602,45,1184,1201,156,743,123,0,130,12197
K82057,2020,07,MK465QG,549,16,917,920,111,576,49,0,195,9433
K82058,2020,07,HP53EZ,374,36,708,715,167,447,35,0,87,6677
K82059,2020,07,MK22DJ,718,7,928,932,173,615,88,0,162,10025
K82060,2020,07,MK146JY,274,2,372,373,109,313,23,0,75,4198
K82061,2020,07,LU70NE,499,17,992,996,146,687,20,0,148,7773
K82064,2020,07,MK62LR,349,2,578,582,116,388,43,0,40,5076
K82065,2020,07,MK138RN,1291,26,1475,1479,296,1028,142,0,365,17721
K82066,2020,07,HP100EE,868,40,1679,1690,165,1002,57,0,245,14281
K82067,2020,07,MK89HN,1379,52,1713,1724,287,1177,125,0,299,18237
K82068,2020,07,HP180LY,642,24,1070,1079,166,716,28,0,132,8722
K82070,2020,07,LU70NE,1899,107,3944,3981,550,2327,127,0,522,29726
K82073,2020,07,HP226LD,2691,157,5198,5240,544,2931,176,0,647,42651
K82074,2020,07,MK160JR,447,13,493,493,86,316,25,0,121,5597
K82076,2020,07,MK56EY,745,21,920,922,135,647,128,0,174,11366
K82078,2020,07,SL99SA,451,39,885,894,116,669,48,0,140,8427
K82079,2020,07,LU62HT,1207,42,2241,2260,280,1400,81,0,402,18311
K82603,2020,07,HP123PP,652,17,1302,1304,427,900,58,0,151,12584
K82610,2020,07,MK64NG,790,10,775,782,210,523,62,0,193,9431
K82615,2020,07,MK77PB,778,12,927,936,122,465,66,0,208,8859
K82617,2020,07,MK111YA,598,9,709,711,107,396,44,0,159,7520
K82618,2020,07,HP160BG,197,12,470,470,35,283,10,0,35,3698
K82621,2020,07,HP79NU,251,2,460,464,62,240,9,0,83,4051
K82631,2020,07,MK109BQ,748,8,833,838,151,547,83,0,290,10169
K82633,2020,07,MK44EN,746,19,1014,1022,154,584,48,0,227,9586
K83002,2020,07,NN172UR,5777,139,8366,8415,1127,5536,325,3,1697,82901
K83003,2020,07,NN26LS,1285,20,1786,1797,263,1118,97,0,331,16490
K83005,2020,07,NN83QE,1584,16,2218,2228,293,1378,63,0,405,21152
K83006,2020,07,NN157HP,1618,28,1918,1933,275,1374,89,0,438,19719
K83007,2020,07,NN100GP,1667,25,2429,2442,325,1603,40,0,550,21768
K83008,2020,07,NN28LL,1612,44,2177,2181,235,1780,103,0,414,20421
K83009,2020,07,NN37QP,1118,25,1821,1828,173,1121,60,0,421,14840
K83010,2020,07,NN48QF,2247,72,3292,3307,454,2288,143,0,607,31020
K83011,2020,07,NN84UT,1347,19,2648,2663,368,1871,51,2,235,21956
K83012,2020,07,NN15LY,1660,63,2219,2230,321,1551,116,0,477,22254
K83013,2020,07,NN168DN,1840,41,2194,2200,210,1370,93,0,469,22394
K83014,2020,07,NN26AL,2322,43,3077,3088,413,2039,168,0,735,29148
K83015,2020,07,NN114DY,1970,32,3104,3115,294,1689,84,0,505,24752
K83017,2020,07,PE86PL,1441,72,2118,2121,335,1793,64,0,374,22156
K83018,2020,07,NN136JJ,1234,36,2027,2048,204,1395,70,0,291,17886
K83019,2020,07,NN67QB,791,11,1028,1031,101,698,67,0,205,10218
K83020,2020,07,NN38HZ,396,3,484,485,136,324,18,0,70,4685
K83021,2020,07,NN146JQ,2856,54,4273,4287,419,2965,166,1,774,38083
K83022,2020,07,NN126HH,1038,19,1781,1794,160,1025,48,0,369,13961
K83023,2020,07,PE84JA,1216,38,2264,2274,361,1571,70,0,279,19933
K83024,2020,07,NN109TR,1594,16,2451,2462,356,1482,137,0,463,21915
K83025,2020,07,NN13DS,2066,39,3509,3519,713,2701,227,0,343,30122
K83026,2020,07,NN84RW,2461,26,3764,3768,476,2272,144,0,707,32829
K83027,2020,07,NN26AA,1090,13,1584,1587,214,1045,79,0,305,14583
K83028,2020,07,NN95GA,1556,29,2301,2317,346,1538,96,0,502,22566
K83029,2020,07,NN15LT,1530,15,2543,2550,316,1978,53,0,444,22692
K83030,2020,07,NN96UA,1395,20,2166,2193,251,1283,56,0,327,19107
K83031,2020,07,NN116XN,1043,26,1628,1642,209,1008,36,0,289,13531
K83032,2020,07,NN114FE,3173,45,3964,3981,449,2435,214,0,929,37572
K83035,2020,07,NN27JN,614,25,1158,1163,178,800,52,0,197,8700
K83036,2020,07,NN157NX,2238,44,2915,2922,425,2306,112,0,756,28304
K83037,2020,07,NN155PU,1817,27,2914,2921,385,2139,113,0,536,24755
K83039,2020,07,NN168JZ,1472,36,2714,2722,396,2072,111,0,493,23516
K83040,2020,07,NN38AW,1222,11,1971,1974,318,1432,84,0,321,17337
K83041,2020,07,NN56FR,2612,71,4250,4274,406,2720,152,2,744,37511
K83042,2020,07,NN32HZ,1930,18,2701,2705,335,1874,184,0,534,24944
K83043,2020,07,NN32JG,1945,40,2902,2911,350,1755,161,0,522,25478
K83044,2020,07,NN109EB,1583,33,2887,2901,254,1949,45,0,441,22695
K83047,2020,07,NN81LT,2156,26,3468,3477,553,2361,77,0,480,31429
K83048,2020,07,NN35EN,930,23,1265,1279,148,664,46,0,254,11428
K83049,2020,07,NN136EQ,1825,28,3098,3122,337,1777,80,5,551,23435
K83050,2020,07,NN14SB,484,7,926,929,116,566,26,0,184,6918
K83051,2020,07,NN168DN,2602,74,3100,3114,382,2184,128,0,660,31107
K83052,2020,07,NN73BT,2308,44,3860,3876,410,2623,174,0,565,33843
K83053,2020,07,NN67TT,616,15,1109,1121,182,720,47,0,160,8793
K83055,2020,07,NN46LW,621,25,1340,1342,123,818,49,0,145,10397
K83056,2020,07,NN14QA,480,6,824,825,158,466,19,0,49,5850
K83059,2020,07,NN180QP,1729,22,1841,1846,337,1160,150,0,410,20344
K83064,2020,07,NN68QE,1622,41,3139,3162,227,1891,98,0,412,23812
K83065,2020,07,NN144QL,961,11,1337,1353,197,921,41,0,357,11816
K83066,2020,07,NN74RX,1747,44,3237,3247,299,2278,131,0,586,25311
K83068,2020,07,NN71HT,700,13,1559,1569,222,899,48,0,162,11731
K83069,2020,07,NN96ET,309,16,803,806,106,573,24,0,113,6271
K83070,2020,07,NN73QN,1357,19,2101,2113,235,1305,84,0,347,18968
K83076,2020,07,NN38DW,817,11,1363,1370,280,906,71,0,215,11976
K83077,2020,07,NN27PB,1467,20,1820,1831,236,1235,160,0,488,18984
K83079,2020,07,NN297QS,612,7,1201,1202,133,792,21,4,116,9284
K83080,2020,07,NN108ED,633,11,1213,1222,134,791,11,0,121,8004
K83081,2020,07,NN95LJ,218,0,321,324,51,241,31,0,35,2769
K83601,2020,07,NN60EU,1072,17,1891,1897,201,1139,66,0,216,14677
K83607,2020,07,NN171LG,189,6,548,553,86,337,17,0,36,4206
K83610,2020,07,NN40NY,946,35,1526,1529,167,990,42,0,215,13126
K83614,2020,07,NN171QP,936,23,1069,1073,140,749,25,1,247,10970
K83616,2020,07,NN144GD,668,7,1064,1077,162,633,40,0,142,8891
K83618,2020,07,NN38DW,875,9,1746,1753,314,1083,45,0,308,12917
K83620,2020,07,NN126HD,969,15,1386,1390,102,1067,57,0,186,12817
K83621,2020,07,NN11LG,2473,38,948,963,157,935,547,6,728,18975
K83622,2020,07,NN188LU,1612,23,1592,1599,186,1277,72,2,400,18530
K83625,2020,07,NN141SN,646,6,837,842,71,600,33,0,152,7566
K84001,2020,07,RG92DR,714,67,958,969,148,684,114,14,198,12176
K84002,2020,07,OX117JH,1511,48,1721,1733,290,1142,78,27,299,19598
K84003,2020,07,OX52TQ,594,38,1161,1171,132,841,32,0,175,9873
K84004,2020,07,OX44DH,943,40,1193,1208,270,809,55,63,215,13753
K84006,2020,07,OX294QB,1790,83,3183,3221,415,2107,80,0,210,26970
K84007,2020,07,OX42HL,659,42,860,868,162,564,42,3,105,10114
K84008,2020,07,OX495AF,591,52,915,923,180,779,61,6,145,10598
K84009,2020,07,OX39JA,1510,92,1724,1738,367,1246,62,62,364,19912
K84010,2020,07,OX182LJ,1045,28,1770,1790,278,1303,76,0,301,17418
K84011,2020,07,OX27BS,843,75,893,913,157,685,45,9,217,11321
K84012,2020,07,SN68AG,516,9,941,966,149,813,54,0,98,9676
K84013,2020,07,OX41XB,939,14,1042,1052,162,621,54,21,283,11683
K84014,2020,07,OX331YJ,1350,51,2249,2273,328,1737,56,14,347,20772
K84015,2020,07,RG95AJ,478,30,990,997,103,606,45,0,180,8427
K84016,2020,07,OX12NA,843,23,721,727,137,485,77,69,265,8847
K84017,2020,07,OX286JS,2379,66,3560,3595,538,2423,94,0,689,31947
K84019,2020,07,OX129BN,1240,63,1589,1608,208,1049,92,0,347,17443
K84020,2020,07,RG49SW,776,60,1357,1378,198,877,25,3,249,12371
K84021,2020,07,OX27BT,410,30,474,478,74,356,28,0,107,5598
K84023,2020,07,OX107NE,748,54,1174,1190,268,792,63,12,193,11861
K84024,2020,07,OX169SA,1036,54,1107,1122,158,748,78,0,268,14089
K84025,2020,07,OX29JS,1273,127,2320,2359,365,1504,100,0,335,22059
K84026,2020,07,OX26NW,598,70,841,859,124,566,78,11,188,8882
K84027,2020,07,OX143JY,1496,49,2183,2196,276,1602,114,0,423,22572
K84028,2020,07,OX169AD,4269,111,4497,4541,814,2857,132,17,1102,51238
K84030,2020,07,OX75FA,2192,127,3848,3879,488,2620,100,0,512,33097
K84031,2020,07,OX47EX,1269,46,1569,1583,357,1147,42,61,296,16337
K84032,2020,07,OX41XD,619,34,1124,1134,366,773,45,2,156,10608
K84033,2020,07,OX129BN,1317,60,1575,1601,200,1022,55,0,433,17656
K84034,2020,07,OX143EL,416,18,649,653,78,433,39,0,106,6064
K84035,2020,07,RG92DR,943,93,1503,1528,181,998,61,0,296,13469
K84036,2020,07,OX106RL,392,18,642,649,72,446,12,0,83,5720
K84037,2020,07,OX109DU,2095,72,3122,3150,366,1639,93,0,536,26816
K84038,2020,07,OX266HT,2217,72,2907,2946,453,2005,36,30,566,28636
K84041,2020,07,OX141BT,1435,35,2885,2901,404,1848,58,2,379,21232
K84042,2020,07,OX201UB,634,35,1229,1269,158,743,49,0,115,11456
K84043,2020,07,OX110BB,1140,44,1408,1426,229,1056,46,0,322,15363
K84044,2020,07,OX39BP,1246,115,1528,1550,258,1091,157,0,290,19596
K84045,2020,07,OX52NS,769,81,1254,1263,189,900,27,29,206,12696
K84046,2020,07,OX76BW,679,82,1684,1695,179,1065,24,2,164,11796
K84047,2020,07,OX184LS,878,31,1536,1548,219,913,20,0,251,12524
K84048,2020,07,OX42NB,715,37,1038,1043,243,789,19,20,212,10798
K84049,2020,07,OX12NR,341,16,325,326,83,254,22,9,107,4577
K84050,2020,07,OX93JZ,795,33,1250,1259,128,762,38,0,208,11774
K84051,2020,07,SN77YU,1881,82,3005,3040,578,2093,66,15,478,27754
K84052,2020,07,OX266AT,1521,56,1986,2010,342,1505,78,35,433,21621
K84054,2020,07,OX143LB,1097,55,1369,1376,157,826,59,1,391,14894
K84055,2020,07,OX150TQ,1350,80,2336,2354,258,1542,60,0,374,20128
K84056,2020,07,OX171FB,527,25,1118,1124,104,767,46,0,135,9238
K84058,2020,07,OX154ES,844,30,1667,1681,208,1025,45,0,177,14328
K84059,2020,07,OX169DB,1127,48,1203,1229,228,783,50,7,248,14319
K84060,2020,07,OX41JS,492,25,620,640,145,372,64,0,109,6709
K84062,2020,07,OX163WT,785,28,843,847,202,630,34,38,148,9902
K84063,2020,07,OX41XD,519,21,478,489,119,279,36,32,177,6540
K84065,2020,07,OX155RQ,244,18,554,555,106,327,15,0,25,4533
K84071,2020,07,RG80PR,1191,91,1884,1897,307,1365,63,0,348,18033
K84072,2020,07,OX286JQ,1169,53,1730,1751,212,1163,21,0,326,17287
K84075,2020,07,OX181JA,1432,37,1559,1575,325,1007,30,0,152,16079
K84078,2020,07,OX26NW,354,11,198,198,36,175,39,2,125,3301
K84079,2020,07,OX141XR,765,28,1096,1100,130,689,35,4,140,10022
K84080,2020,07,OX12NP,353,40,417,424,94,329,28,0,88,4936
K84082,2020,07,OX51AP,1619,113,2274,2283,420,1518,80,11,306,25184
K84605,2020,07,OX14JA,177,2,106,108,22,103,11,0,60,1812
K84610,2020,07,OX73PQ,381,20,964,966,133,527,10,0,112,7024
K84613,2020,07,OX266XX,2571,58,3255,3296,507,1809,72,5,781,28292
K84618,2020,07,OX283FS,566,19,791,799,85,450,18,0,138,7255
K84624,2020,07,OX117GD,1011,9,1044,1057,143,610,22,0,283,10262
L81004,2020,07,BS206AQ,1486,70,2256,2270,290,1593,111,0,371,24355
L81007,2020,07,BS31AS,3711,94,3393,3428,592,2760,311,208,1112,43894
L81008,2020,07,BS119SB,1531,27,1539,1556,289,1082,95,43,431,17974
L81009,2020,07,BS148PT,1542,85,1633,1658,198,1379,73,65,513,20439
L81010,2020,07,BA33PL,674,24,759,766,87,516,23,9,193,8037
L81012,2020,07,BS65PT,1545,27,1537,1561,329,920,165,199,397,18018
L81013,2020,07,BS163TD,1399,49,1645,1652,282,1349,74,54,330,19270
L81014,2020,07,BS362DE,1216,101,1818,1824,198,1252,54,6,353,20089
L81015,2020,07,BS50UA,1274,33,2104,2120,711,1624,81,138,322,20588
L81016,2020,07,BS231YA,2107,66,2066,2095,241,1322,153,0,457,24478
L81017,2020,07,BS93AA,913,75,1151,1155,147,799,84,11,310,12872
L81018,2020,07,BS351DP,730,31,1343,1349,141,869,65,14,183,13856
L81019,2020,07,BS346BQ,1924,16,2382,2399,464,1793,82,16,572,23814
L81020,2020,07,BA24JT,636,34,822,831,110,537,83,0,160,8985
L81021,2020,07,BS251AF,1076,68,1496,1526,172,910,94,0,296,17879
L81022,2020,07,BS79RR,2129,72,2027,2054,556,1517,117,93,641,25290
L81023,2020,07,BS56SA,805,27,945,954,212,732,54,66,223,10636
L81024,2020,07,BS374DQ,1218,33,1619,1632,181,1223,106,24,321,18821
L81025,2020,07,BA32UH,2000,71,2477,2504,313,2329,226,21,589,29677
L81026,2020,07,BS165SG,2176,113,2610,2616,273,1831,180,79,467,31885
L81027,2020,07,BA17NP,597,34,654,667,109,466,52,0,138,8704
L81029,2020,07,BS305QQ,925,29,1671,1680,193,1255,51,1,218,17100
L81030,2020,07,BS406HF,778,31,1434,1448,207,1012,39,0,132,12349
L81031,2020,07,BS140SU,1856,76,2581,2590,373,1815,139,94,541,26610
L81033,2020,07,BS44HU,1408,45,1267,1271,177,834,97,46,465,16600
L81034,2020,07,BS482XX,2886,171,4124,4148,428,2916,180,0,663,43023
L81036,2020,07,BS345TF,1190,48,1284,1288,262,1127,104,43,375,16118
L81037,2020,07,BS106SP,2944,91,2476,2507,423,1905,316,309,763,33457
L81038,2020,07,BS57PD,1334,72,1553,1559,218,983,132,49,395,18359
L81039,2020,07,BA23HT,2857,164,2990,3028,433,2639,367,32,585,40949
L81040,2020,07,BS216DG,1533,64,1935,1953,220,1318,158,0,401,21319
L81041,2020,07,BS130JP,992,9,672,677,119,525,77,155,308,9603
L81042,2020,07,BS374AA,1054,17,1098,1104,99,761,59,17,283,14026
L81044,2020,07,BS234JP,2381,41,2117,2156,332,1387,179,1101,627,28360
L81045,2020,07,BS312GN,1184,93,1703,1713,182,1317,84,19,357,20377
L81046,2020,07,BS166UG,921,56,1332,1335,96,932,55,0,220,14381
L81047,2020,07,BS374AX,1145,28,1562,1567,215,1158,64,32,321,17772
L81050,2020,07,BS305JZ,770,37,1032,1039,125,901,15,6,264,11102
L81051,2020,07,BS233HQ,2661,59,3142,3169,362,2114,233,2,709,35424
L81053,2020,07,BS137JD,968,41,1243,1254,146,876,66,47,322,13478
L81054,2020,07,BS138LD,1540,28,1566,1571,229,1194,120,101,502,18032
L81055,2020,07,BS158NJ,1220,20,1437,1449,191,1100,53,55,300,15719
L81058,2020,07,BS228AG,1578,57,1577,1601,128,1166,150,0,344,19884
L81059,2020,07,BS397SF,1190,21,1752,1772,186,1127,94,19,304,16485
L81061,2020,07,BS59QY,721,6,609,610,106,409,64,64,215,8673
L81062,2020,07,BS151WW,2184,80,2762,2770,527,2051,70,144,634,29589
L81063,2020,07,BS154EJ,1288,73,1255,1260,170,925,108,54,419,17176
L81064,2020,07,BS311AF,921,55,1410,1424,197,1121,71,9,164,15520
L81065,2020,07,BA25EG,833,56,1018,1026,92,702,102,2,219,12081
L81066,2020,07,BS247DX,1595,17,1387,1401,275,966,154,0,413,18680
L81067,2020,07,BS106DF,1522,70,1321,1330,229,956,91,44,486,17614
L81068,2020,07,BA24BY,1323,88,1657,1688,164,1110,179,0,234,18991
L81069,2020,07,BA21ER,1780,42,1412,1434,321,1207,140,28,377,18043
L81070,2020,07,BA13PT,790,22,954,956,109,787,46,5,161,11326
L81071,2020,07,BA16EA,962,35,1115,1117,67,809,58,16,412,11958
L81072,2020,07,BS408UE,1421,43,2750,2756,300,1754,55,11,230,23713
L81073,2020,07,BS311BX,936,34,1217,1233,178,932,46,2,292,13118
L81075,2020,07,BS162JD,2054,85,1611,1619,342,1461,72,45,825,21810
L81077,2020,07,BS92HL,1085,58,1105,1118,159,800,54,28,263,12805
L81078,2020,07,BS78SA,1103,52,1439,1461,170,945,93,29,401,15133
L81079,2020,07,BS153HY,2040,80,2949,2961,389,2354,47,31,501,30967
L81081,2020,07,BS83EU,962,71,1065,1069,94,776,131,64,337,12942
L81082,2020,07,BS34AT,1207,37,1361,1366,242,939,123,88,418,14236
L81083,2020,07,BS130JP,1333,19,1139,1147,170,862,65,189,346,15784
L81084,2020,07,BS42QJ,1169,90,1427,1438,228,1144,95,44,349,16412
L81085,2020,07,BS200DL,720,14,961,967,191,814,74,0,203,12122
L81086,2020,07,BS405EL,6119,139,9649,9705,1105,6700,379,0,1650,85942
L81087,2020,07,BS163TD,1055,52,1283,1292,277,985,108,53,377,15976
L81089,2020,07,BS20AN,748,19,809,812,238,571,106,142,187,11666
L81090,2020,07,BS66DF,872,73,1051,1061,110,735,86,0,266,11495
L81091,2020,07,BS82PU,1187,72,1244,1254,191,883,209,31,351,15129
L81094,2020,07,BS41WH,1182,18,864,875,228,767,33,105,395,12542
L81095,2020,07,BS41WH,1214,37,943,948,189,770,24,62,325,11442
L81098,2020,07,BS106AF,1153,52,1225,1225,238,1195,109,76,413,15829
L81101,2020,07,BA32QE,698,13,895,904,100,755,51,20,177,10325
L81103,2020,07,BS352AT,675,32,919,921,128,574,47,0,232,10714
L81106,2020,07,BS351DP,326,11,544,544,51,348,22,0,108,5401
L81117,2020,07,BS354JF,504,19,988,991,126,549,21,0,160,8547
L81118,2020,07,BS348UE,1191,44,1593,1600,183,1008,88,21,339,17468
L81120,2020,07,BS44HU,819,23,822,827,108,590,42,29,311,9505
L81122,2020,07,BA20HX,637,41,1099,1115,147,843,28,0,148,10571
L81123,2020,07,BA28JQ,798,19,942,954,75,704,49,13,142,11176
L81125,2020,07,BS42DF,853,31,862,862,226,834,101,18,291,10846
L81127,2020,07,BS324DS,318,25,541,541,47,319,11,0,82,5566
L81130,2020,07,BS308HS,1203,51,1301,1304,167,1059,40,59,307,15030
L81131,2020,07,BS94HT,965,54,1257,1263,138,904,110,0,263,14121
L81132,2020,07,BA33UJ,415,4,331,334,68,215,36,0,97,5237
L81133,2020,07,BS66AU,756,0,17,17,3,2,17,0,421,2564
L81600,2020,07,BS207QA,632,19,762,772,56,572,31,0,178,9657
L81622,2020,07,BS91JN,234,17,292,293,60,201,25,0,66,3936
L81632,2020,07,BS167AL,718,15,722,732,71,423,36,19,220,8924
L81637,2020,07,BA16BA,219,20,365,369,38,256,4,0,87,3453
L81642,2020,07,BS375UY,435,10,432,434,40,308,64,15,101,5244
L81643,2020,07,BS226AJ,2023,42,2253,2279,240,1605,200,0,475,26699
L81644,2020,07,BA22QH,723,40,846,852,123,745,60,8,206,10902
L81648,2020,07,BS56SA,342,24,764,768,250,599,18,36,87,7185
L81649,2020,07,BS329DS,1258,49,1397,1405,194,968,77,7,384,15357
L81655,2020,07,BA12AU,352,13,414,414,53,243,46,0,80,4270
L81669,2020,07,BS70UE,655,16,790,796,159,550,40,29,179,9225
L81670,2020,07,BS233SJ,1623,18,969,1124,152,889,31,0,464,13184
L82001,2020,07,TR12JA,2088,30,1844,1856,268,1270,152,0,502,23373
L82003,2020,07,PL293TR,1313,14,1959,1981,219,1344,81,0,295,18781
L82004,2020,07,PL277BS,1126,19,1729,1741,264,1231,52,0,252,18984
L82006,2020,07,TR108HX,2114,60,2950,2966,518,2134,80,1,584,28453
L82007,2020,07,PL329YT,404,9,660,666,103,459,27,0,99,5991
L82008,2020,07,EX239BP,1091,19,1375,1393,194,780,78,0,239,16692
L82009,2020,07,PL312LB,1691,22,2062,2106,291,1602,115,3,327,22830
L82010,2020,07,PL312JJ,1826,25,1953,1965,309,1307,74,0,441,21960
L82011,2020,07,PL267RL,700,8,940,942,201,583,61,0,117,9334
L82012,2020,07,PL177AW,2670,46,4127,4175,784,3220,201,0,621,42905
L82013,2020,07,TR60PS,848,18,1586,1596,141,1157,30,0,151,14496
L82015,2020,07,TR48QS,825,7,1307,1312,177,829,56,0,182,11912
L82016,2020,07,PL143XA,2705,67,3863,3883,685,2439,118,0,638,36924
L82017,2020,07,TR210HE,244,3,505,505,87,502,11,0,50,4823
L82018,2020,07,TR138AU,1861,14,2431,2444,329,1819,106,2,431,24478
L82021,2020,07,TR183DX,895,16,1372,1374,202,1003,43,19,174,13314
L82022,2020,07,PL131HA,1624,52,2717,2726,330,1884,142,0,316,25379
L82023,2020,07,TR96RR,2319,38,3290,3312,550,2239,112,0,452,32944
L82024,2020,07,TR152LL,654,3,625,629,95,387,42,0,84,7140
L82025,2020,07,PL266UE,644,7,1253,1267,165,828,53,0,114,11012
L82026,2020,07,PL242JL,1244,10,1506,1511,188,896,48,0,229,14334
L82028,2020,07,TR12JA,2129,20,2410,2422,335,1657,268,0,607,27119
L82029,2020,07,TR72QF,1842,28,2753,2789,337,1693,148,0,458,25173
L82030,2020,07,PL159HH,2726,54,3650,3664,602,2619,159,1,627,38112
L82035,2020,07,PL231DT,1274,17,1778,1786,236,1364,77,0,253,17797
L82036,2020,07,TR274PB,1431,18,1791,1804,281,1413,82,5,299,20438
L82038,2020,07,TR197HX,895,7,1545,1546,278,1053,83,0,228,13510
L82039,2020,07,PL220EF,683,21,892,898,124,692,50,0,92,9853
L82041,2020,07,TR153DU,5276,24,6133,6203,835,4106,237,0,1178,62222
L82042,2020,07,TR151AU,2070,17,2432,2450,366,1763,151,0,507,27043
L82043,2020,07,PL125LH,493,20,792,801,123,589,36,0,90,8760
L82044,2020,07,TR148SN,1295,20,1399,1408,220,1026,64,0,301,17859
L82045,2020,07,TR24JZ,993,7,1658,1660,296,1016,134,0,161,16114
L82046,2020,07,PL126DL,1501,47,1554,1569,234,1208,178,0,388,19849
L82047,2020,07,TR170HW,1160,35,2095,2097,185,1273,86,0,291,19279
L82048,2020,07,TR25EE,521,9,1074,1108,152,787,34,0,112,9614
L82049,2020,07,TR112LH,1276,23,1629,1636,155,1092,57,0,323,16062
L82050,2020,07,PL144AQ,1711,24,1962,1979,372,1511,103,0,321,23085
L82051,2020,07,PL268JF,2172,23,2792,2798,543,1706,231,0,364,27262
L82052,2020,07,TR112UN,1416,17,1986,1988,187,1221,38,0,404,19778
L82054,2020,07,TR50TN,1117,7,1425,1431,219,938,66,0,212,13965
L82056,2020,07,TR127DQ,939,14,1628,1631,258,1313,77,0,176,16569
L82057,2020,07,TR126PB,489,24,809,810,92,624,54,0,71,8129
L82058,2020,07,PL350BG,765,3,1295,1301,151,828,67,0,170,11332
L82059,2020,07,TR138RF,563,9,613,614,97,497,41,0,144,7630
L82061,2020,07,TR36JD,615,21,1543,1548,179,1169,54,0,129,12033
L82066,2020,07,PL124BU,719,29,894,906,135,661,36,0,200,10902
L82068,2020,07,TR140LB,1073,9,1534,1540,268,1024,67,0,288,15244
L82070,2020,07,TR183DX,809,38,1163,1170,158,746,67,0,173,11251
L82618,2020,07,PL329YT,425,0,695,696,94,342,78,0,85,6215
L82620,2020,07,TR164RX,931,8,1243,1247,133,994,48,0,184,12438
L82622,2020,07,TR114QJ,776,12,1248,1255,105,848,55,0,220,11410
L83002,2020,07,EX142NY,2103,80,2477,2489,312,2041,137,4,604,30666
L83003,2020,07,EX328HY,1297,19,1265,1266,210,950,119,18,348,16224
L83004,2020,07,TQ123HN,1098,27,1058,1062,220,914,124,0,249,14915
L83005,2020,07,EX79QH,1605,41,1651,1660,324,1502,207,0,349,23179
L83006,2020,07,PL51PL,6942,132,6018,6050,969,4873,460,0,1513,81583
L83007,2020,07,EX122DU,1218,89,2160,2175,284,1549,151,5,310,22902
L83008,2020,07,PL53BP,2723,48,2501,2507,480,2475,325,43,642,37233
L83010,2020,07,TQ137AP,682,13,1260,1260,192,951,54,0,127,10772
L83011,2020,07,EX96LS,1297,103,2009,2015,259,1571,213,1,261,21273
L83012,2020,07,EX227SY,438,1,598,611,148,451,15,0,76,6012
L83013,2020,07,TQ13SL,2089,51,2781,2804,387,2241,152,0,475,30256
L83014,2020,07,TQ45LA,3657,65,5012,5073,1030,3741,216,0,745,53431
L83015,2020,07,PL53PY,1289,9,821,822,132,626,113,0,361,12944
L83016,2020,07,EX41HJ,3071,107,3151,3174,498,2094,225,12,893,36005
L83018,2020,07,PL49BL,1215,25,967,974,187,894,103,2,304,13697
L83019,2020,07,PL68UF,926,15,1023,1031,126,800,32,0,253,12746
L83020,2020,07,EX135AG,1750,38,2983,3002,380,2355,137,6,422,29982
L83021,2020,07,PL99DL,1290,49,1457,1461,167,1488,92,0,241,19273
L83023,2020,07,EX168EZ,697,18,966,977,232,888,42,0,134,11765
L83024,2020,07,EX11SR,992,34,1227,1228,137,883,146,9,290,12898
L83025,2020,07,EX187DL,1036,28,1674,1684,242,1186,58,0,170,16769
L83026,2020,07,EX388EL,718,9,1085,1096,151,900,67,0,171,11330
L83027,2020,07,TQ25UA,909,5,771,782,171,597,96,0,237,10419
L83028,2020,07,PL23HY,1853,34,1388,1394,243,1229,153,18,484,20028
L83029,2020,07,TQ13HD,1269,44,1341,1351,297,1401,108,0,263,16993
L83030,2020,07,PL15BZ,1578,11,1133,1134,180,1025,177,161,454,17655
L83031,2020,07,TQ125DJ,1337,47,1915,1927,287,1275,96,0,297,20253
L83034,2020,07,TQ121GJ,1226,32,1177,1183,213,928,128,0,378,15427
L83035,2020,07,EX329LL,2289,34,2835,2846,511,2184,205,9,642,32099
L83036,2020,07,EX30EN,1402,43,2261,2262,211,1592,163,0,248,22324
L83038,2020,07,PL199FD,1771,42,2557,2563,308,1745,196,7,432,26432
L83039,2020,07,PL66DX,924,10,747,759,152,545,49,8,121,11134
L83040,2020,07,EX13SY,1617,67,2202,2218,289,1386,145,0,350,22259
L83041,2020,07,EX68DF,935,12,1432,1436,167,1091,70,0,283,14182
L83042,2020,07,EX11SB,1222,43,1250,1253,207,1093,80,0,287,14972
L83043,2020,07,TQ95JA,1239,27,1270,1286,144,887,137,6,243,17852
L83044,2020,07,EX153SF,656,10,1374,1390,198,947,36,0,156,12781
L83045,2020,07,TQ139QP,1256,31,1586,1591,266,1411,192,1,281,19807
L83046,2020,07,TQ122HH,871,10,878,888,102,719,75,2,260,10528
L83048,2020,07,PL66PH,1294,46,1750,1763,251,1497,66,0,314,20015
L83049,2020,07,TQ138LW,285,6,531,531,60,395,24,4,73,5190
L83050,2020,07,EX391AZ,1983,19,2662,2674,279,1819,245,6,443,29372
L83051,2020,07,TQ122AS,1328,35,1265,1268,157,1029,111,1,346,16233
L83052,2020,07,EX166NP,1544,28,2077,2083,259,1333,96,0,394,22155
L83053,2020,07,EX82JF,1641,108,1851,1868,261,1500,178,5,363,24218
L83054,2020,07,EX122RY,1023,45,1550,1560,230,1148,86,2,168,18215
L83055,2020,07,TQ59TF,1577,33,2575,2597,384,2141,153,0,327,26817
L83056,2020,07,EX82JF,1488,76,1574,1583,192,1246,99,7,341,20452
L83057,2020,07,EX312PG,835,30,1580,1588,198,1115,67,0,193,16418
L83058,2020,07,EX11RX,1253,41,1238,1243,178,970,204,0,246,16717
L83059,2020,07,TQ71AE,1074,20,1433,1439,184,1066,91,0,229,17068
L83064,2020,07,PL99BN,1206,61,1471,1481,172,1050,121,0,361,18703
L83065,2020,07,EX173JJ,712,21,896,899,170,688,44,0,192,10956
L83066,2020,07,EX47BW,1720,54,1974,1983,256,1374,131,0,542,20987
L83067,2020,07,EX109YA,2149,150,4122,4145,383,2830,146,0,429,39562
L83068,2020,07,EX356HA,271,1,506,507,55,302,17,0,53,4253
L83069,2020,07,EX226GH,1759,30,2897,2907,418,1817,138,10,410,30319
L83070,2020,07,TQ110DE,501,14,565,567,70,465,62,0,113,7398
L83071,2020,07,PL34DP,1252,32,1157,1170,217,895,146,0,277,15035
L83072,2020,07,PL49BH,1416,17,1590,1599,280,1080,44,0,336,17221
L83073,2020,07,EX328GP,2384,38,2075,2094,315,1495,206,0,586,29792
L83075,2020,07,TQ109HT,552,24,762,769,100,542,73,0,125,8777
L83076,2020,07,PL40BZ,1162,12,1153,1156,140,851,20,18,351,13820
L83077,2020,07,EX12RX,811,20,1167,1167,141,732,57,0,203,10298
L83079,2020,07,EX28UP,1067,34,1341,1343,166,948,80,0,267,14818
L83081,2020,07,PL82EA,986,40,1539,1547,250,1128,129,0,225,16308
L83082,2020,07,TQ138BW,215,7,486,487,59,337,19,0,35,4232
L83083,2020,07,EX393AF,1581,29,1512,1516,222,1137,184,4,323,22367
L83084,2020,07,EX12RX,1036,21,1269,1275,175,908,108,8,180,13646
L83085,2020,07,EX166NJ,1917,31,2437,2459,337,1517,138,4,501,26837
L83086,2020,07,PL210QL,539,7,888,897,155,695,16,0,121,7988
L83087,2020,07,EX201AY,2288,115,3447,3478,561,2650,282,20,618,35702
L83088,2020,07,TQ88DJ,324,5,627,631,64,408,51,0,51,7115
L83089,2020,07,PL53JB,1397,24,1273,1276,139,924,78,0,362,18119
L83092,2020,07,EX151FE,2084,33,2499,2509,449,2022,109,0,532,29565
L83094,2020,07,TQ69RT,819,16,1691,1708,220,1088,43,17,152,14887
L83095,2020,07,EX111EQ,1432,46,2144,2148,214,1360,109,1,219,23380
L83096,2020,07,EX348EG,2547,26,2650,2662,365,1873,302,7,546,33088
L83097,2020,07,EX331LR,948,30,1264,1279,139,676,142,0,218,15322
L83098,2020,07,EX66JA,462,10,844,851,161,585,102,0,23,8671
L83099,2020,07,EX12DW,634,34,791,801,119,671,44,0,170,9404
L83100,2020,07,PL71AD,4301,83,4724,4746,586,3308,295,5,1004,60398
L83101,2020,07,PL198BU,2012,37,2586,2602,324,2101,216,23,460,31655
L83102,2020,07,PL206AS,775,13,911,917,87,703,99,0,167,11623
L83103,2020,07,TQ45AH,2116,46,2749,2779,558,2193,210,0,403,31669
L83105,2020,07,EX388EU,885,11,1609,1615,188,1032,74,0,162,14298
L83106,2020,07,EX394AU,1211,14,1385,1391,189,1039,112,0,266,16724
L83111,2020,07,TQ13LA,2034,36,2128,2145,427,1778,147,5,562,28160
L83112,2020,07,PL13BS,988,15,846,852,114,646,104,5,261,11413
L83113,2020,07,PL54DU,1595,10,865,872,188,831,125,0,296,14938
L83115,2020,07,EX48EG,820,5,718,719,108,539,79,1,232,9448
L83116,2020,07,EX51NZ,523,33,905,908,150,704,18,0,102,8739
L83118,2020,07,TQ26HW,2316,34,2339,2375,361,1696,123,0,497,28639
L83120,2020,07,TQ148AY,2067,53,2363,2386,383,2023,272,0,560,30231
L83127,2020,07,EX172AR,1062,35,1397,1400,158,945,97,7,252,14559
L83128,2020,07,EX151TZ,982,13,916,924,131,580,71,0,205,11487
L83129,2020,07,EX396BL,282,1,545,547,62,315,36,0,60,4970
L83131,2020,07,TQ32EZ,3472,70,3407,3439,585,2625,431,0,764,47589
L83134,2020,07,EX54HZ,417,15,732,739,106,558,35,0,135,7659
L83136,2020,07,EX81DQ,978,62,1269,1270,151,991,92,8,205,12971
L83137,2020,07,EX363BZ,1505,33,2443,2446,337,1557,109,0,403,22872
L83143,2020,07,EX13EN,390,4,651,652,57,456,35,0,91,6221
L83146,2020,07,TQ95WB,380,5,396,408,41,312,119,3,61,5494
L83147,2020,07,PL47DL,1360,23,1208,1213,162,965,166,0,303,15719
L83148,2020,07,TQ72LB,411,10,997,1000,109,738,26,0,79,7353
L83607,2020,07,TQ33TB,837,8,763,772,148,575,35,0,226,8546
L83616,2020,07,EX167BJ,179,14,416,416,87,360,5,0,32,3625
L83624,2020,07,PL14JZ,1336,13,1265,1265,188,1154,186,50,254,16136
L83627,2020,07,EX85NH,403,4,615,616,73,408,47,0,92,6757
L83628,2020,07,EX81DQ,924,48,928,931,158,658,98,0,221,11365
L83639,2020,07,PL90BE,280,10,820,822,118,615,2,0,58,6184
L83642,2020,07,PL68UE,482,33,577,579,124,453,39,0,74,6769
L83646,2020,07,PL21JR,1244,8,944,949,124,832,68,138,279,14920
L83648,2020,07,PL23PR,1563,21,1132,1135,155,794,44,0,469,15088
L83651,2020,07,PL13JF,1219,7,507,508,77,458,74,269,200,9750
L83655,2020,07,EX26NF,1045,19,864,869,253,684,94,15,250,11260
L83657,2020,07,TQ148AB,474,7,590,594,96,443,33,0,81,7042
L83663,2020,07,EX215QE,468,7,767,773,119,546,33,0,45,7888
L83666,2020,07,TQ124HG,580,6,568,571,96,436,21,0,133,6179
L83673,2020,07,EX46PD,446,0,79,79,1,51,39,167,82,2510
L84001,2020,07,GL14HR,822,22,1004,1022,393,746,109,0,121,11986
L84003,2020,07,GL503EQ,987,43,672,677,131,518,67,0,244,9730
L84004,2020,07,GL545GZ,1002,61,1919,1930,252,1287,75,0,253,16229
L84005,2020,07,GL69JF,462,47,677,680,66,471,91,0,78,7895
L84006,2020,07,GL193RB,581,14,1224,1236,185,876,21,1,196,10353
L84007,2020,07,GL53BE,1361,52,1183,1190,207,793,141,0,317,14904
L84008,2020,07,GL504DP,1242,35,1333,1340,244,935,155,0,242,15150
L84009,2020,07,GL44BL,2005,56,2306,2337,430,1484,101,0,531,26036
L84010,2020,07,GL71US,1769,119,2816,2837,446,2032,160,1,344,26168
L84011,2020,07,GL155NQ,1234,45,1605,1625,395,1274,48,4,374,16151
L84012,2020,07,GL71XG,2523,126,3081,3120,536,2032,314,1,607,33565
L84014,2020,07,GL33HB,1011,94,1401,1413,270,1026,84,0,209,15248
L84015,2020,07,GL526HS,849,83,1219,1225,204,844,114,0,173,13046
L84016,2020,07,GL68DE,866,65,1298,1305,169,816,84,1,282,11753
L84018,2020,07,GL71EH,1898,89,2385,2419,294,1888,138,1,367,25220
L84021,2020,07,GL154RS,1395,23,1472,1485,288,985,59,0,356,15770
L84022,2020,07,GL503ED,1184,34,1082,1094,236,830,150,0,252,14414
L84023,2020,07,GL205GJ,1612,41,1677,1699,282,973,110,0,351,18850
L84024,2020,07,GL179JE,688,16,966,978,185,689,34,0,165,9826
L84025,2020,07,GL66RD,453,49,557,581,67,443,93,0,121,6647
L84026,2020,07,GL13PX,4518,206,4790,4830,979,2980,297,0,1045,54292
L84027,2020,07,GL127LS,1107,87,1762,1768,317,1142,94,1,276,18124
L84028,2020,07,GL142AN,1114,26,1489,1508,344,1288,75,0,352,15590
L84029,2020,07,GL154ED,752,22,732,740,165,605,26,0,149,9142
L84030,2020,07,GL526DA,744,28,749,751,172,531,23,0,183,8257
L84031,2020,07,GL541AX,1036,79,1494,1513,200,1109,83,0,208,14471
L84032,2020,07,GL51UY,1111,88,1577,1582,314,1151,135,0,193,15524
L84033,2020,07,GL504DP,1593,57,1685,1709,374,1267,114,0,372,20075
L84034,2020,07,GL15JJ,1222,42,1409,1432,390,917,35,0,281,15889
L84036,2020,07,GL527YU,1386,81,1729,1743,258,1208,59,0,315,17872
L84037,2020,07,GL181BA,1467,47,2404,2408,362,1403,85,1,323,21062
L84038,2020,07,GL542AZ,1562,80,2688,2724,435,2067,101,0,262,24028
L84039,2020,07,GL54BH,866,34,868,888,100,501,83,0,166,9834
L84040,2020,07,GL530LA,1075,133,1643,1657,220,1091,35,0,241,16991
L84041,2020,07,GL503BP,1462,78,1159,1163,219,815,115,0,375,15105
L84043,2020,07,GL556AU,704,35,1316,1327,124,875,58,0,147,10161
L84045,2020,07,GL170AU,1027,41,1566,1580,280,862,60,0,167,14133
L84046,2020,07,GL142AN,977,10,819,827,214,629,120,0,191,11912
L84047,2020,07,GL32JH,1434,96,1777,1790,363,1297,135,0,304,19713
L84048,2020,07,GL528RP,1249,43,1680,1686,311,1266,83,0,399,17738
L84049,2020,07,GL504DP,781,26,752,757,138,585,68,0,267,9268
L84050,2020,07,GL15JQ,3078,79,2864,2896,729,1991,191,0,945,34339
L84051,2020,07,GL127BD,1178,70,1584,1591,300,1127,59,0,355,15807
L84052,2020,07,GL11XR,1379,31,1259,1277,419,835,230,0,256,16246
L84053,2020,07,GL74BQ,949,61,1634,1652,246,1212,61,0,172,15398
L84054,2020,07,GL205GJ,1382,36,1542,1544,228,1032,122,0,290,17014
L84056,2020,07,GL504DP,1225,61,1353,1374,328,918,80,0,220,13641
L84058,2020,07,GL504DP,1489,58,1278,1283,190,975,56,0,356,15395
L84059,2020,07,GL503DA,1102,26,976,989,212,742,137,0,225,12153
L84060,2020,07,GL115SY,1670,61,2083,2090,325,1486,56,1,384,20578
L84063,2020,07,GL77EY,427,19,635,644,95,500,38,0,108,6167
L84065,2020,07,GL60DQ,659,16,949,959,146,603,82,0,178,9319
L84067,2020,07,GL20AJ,840,19,974,975,167,670,40,0,230,11084
L84068,2020,07,GL560DS,745,13,1234,1243,164,855,78,1,196,10193
L84069,2020,07,GL168RH,1205,34,2192,2204,436,1464,50,0,269,18434
L84070,2020,07,GL102NG,908,108,953,960,176,703,89,0,132,11448
L84071,2020,07,GL168HJ,1153,22,1675,1677,354,1154,59,0,286,14953
L84072,2020,07,GL560DS,640,11,1072,1077,165,667,61,1,107,9653
L84073,2020,07,GL114JN,588,36,563,564,89,381,64,11,156,6562
L84075,2020,07,GL114JN,726,34,715,733,123,500,58,11,152,8326
L84077,2020,07,GL54BH,570,43,696,696,84,421,37,0,145,6958
L84078,2020,07,GL27HU,485,17,796,797,144,548,54,0,76,7225
L84080,2020,07,GL102AA,767,46,942,949,172,614,47,4,152,9289
L84081,2020,07,GL13EN,808,27,738,745,241,583,71,1,148,10039
L84084,2020,07,GL34PE,1221,30,1348,1354,282,908,80,1,268,15348
L84085,2020,07,GL155PF,613,30,1027,1038,205,675,76,0,87,9084
L84606,2020,07,GL28DH,1412,94,2136,2161,389,1524,110,1,367,21562
L84613,2020,07,GL102NG,328,27,470,471,136,514,17,0,42,5401
L84615,2020,07,GL141BE,577,14,765,780,152,568,39,2,91,8042
L84616,2020,07,GL503PN,869,39,736,740,115,560,46,0,246,8952
L84617,2020,07,GL24NF,556,4,563,565,149,374,61,0,188,6174
L85001,2020,07,TA11NW,1521,11,1566,1582,225,866,135,0,260,19620
L85002,2020,07,BA51XJ,917,34,1431,1438,117,903,48,3,218,14504
L85003,2020,07,TA229EN,536,5,804,805,93,578,58,0,105,8634
L85004,2020,07,TA188BX,1386,30,2183,2218,244,1667,83,0,266,22805
L85006,2020,07,TA28QY,1326,8,1540,1551,192,1098,47,0,314,16452
L85007,2020,07,TA126JL,1247,21,1722,1743,188,1211,112,4,176,18745
L85008,2020,07,BA112FH,3323,67,3882,3904,416,2811,316,0,599,43975
L85009,2020,07,TA44QE,1247,23,1612,1617,187,1149,78,2,204,18108
L85010,2020,07,TA93YA,1621,35,2283,2304,310,1542,85,14,316,23336
L85011,2020,07,BS273NZ,774,36,1060,1067,121,792,50,0,179,11999
L85012,2020,07,TA218BD,1515,26,1711,1716,255,1110,143,0,233,22292
L85013,2020,07,TA51NW,464,9,1080,1085,186,700,53,4,27,8335
L85014,2020,07,TA12LB,1532,12,1265,1280,252,580,138,0,282,18040
L85015,2020,07,BA202BQ,1304,9,1375,1396,145,960,128,0,262,17174
L85016,2020,07,TA81EU,2599,61,4222,4249,482,2812,206,15,369,39918
L85017,2020,07,BA201SB,1237,22,1610,1636,192,1311,82,8,248,17705
L85018,2020,07,TA52HB,627,13,1211,1218,102,772,54,0,95,10506
L85019,2020,07,TA245DL,1396,31,2366,2380,306,1513,188,14,261,25293
L85020,2020,07,BA116SE,1357,34,1686,1709,246,1313,80,0,287,18960
L85021,2020,07,TA14TY,1121,25,1822,1826,162,1324,71,1,267,19056
L85022,2020,07,BA201UJ,1456,18,1738,1750,206,1252,63,3,293,19426
L85023,2020,07,TA11JP,2004,7,1637,1655,202,1110,170,2,383,21078
L85024,2020,07,TA79HA,1357,16,1994,2017,326,1528,92,0,314,19848
L85025,2020,07,TA65JS,1353,16,1704,1709,254,887,65,0,308,16733
L85026,2020,07,TA146QE,622,7,783,789,94,553,39,0,78,8244
L85027,2020,07,BA99FQ,847,18,1145,1162,126,824,60,0,187,12268
L85028,2020,07,TA202EW,698,5,1020,1027,147,826,44,0,116,10649
L85029,2020,07,BA160ET,1141,22,1489,1497,231,1056,56,0,186,16887
L85030,2020,07,TA201QA,889,17,1504,1512,322,1049,53,0,148,13860
L85031,2020,07,DT95FH,872,9,1279,1287,196,958,40,0,130,12390
L85032,2020,07,BA100EG,372,6,570,580,75,447,23,0,79,6606
L85033,2020,07,TA109RH,1476,21,2715,2749,339,1722,119,2,315,24531
L85034,2020,07,BA51XJ,728,17,933,934,135,607,63,2,139,10397
L85035,2020,07,TA64GP,1948,29,2148,2181,431,1453,85,0,389,23904
L85036,2020,07,TA43LH,618,8,951,956,86,747,21,0,107,9543
L85037,2020,07,TA36NQ,505,7,946,949,146,702,12,0,138,7810
L85038,2020,07,TA42BF,707,13,1556,1561,177,957,37,0,177,12199
L85039,2020,07,BA69LP,1300,31,1905,1911,251,1255,79,0,288,19387
L85040,2020,07,BA77EE,601,18,629,638,64,355,35,0,94,7947
L85042,2020,07,TA63LS,1612,30,1497,1518,224,1052,100,1,362,19574
L85043,2020,07,BA45RT,992,23,1074,1076,108,874,58,0,169,12484
L85044,2020,07,BA227LT,690,6,1247,1269,172,961,63,0,115,11691
L85046,2020,07,BA35NQ,835,15,1251,1269,176,1038,52,0,150,11433
L85047,2020,07,BA69DD,494,9,570,575,70,302,45,6,102,6858
L85048,2020,07,BA213BA,520,7,579,584,90,396,32,0,126,6684
L85050,2020,07,TA218AG,817,8,840,849,111,596,66,3,148,10310
L85051,2020,07,TA65BF,978,23,1162,1163,196,589,19,0,129,11498
L85052,2020,07,TA12QA,823,6,864,869,118,511,62,7,110,10610
L85053,2020,07,BA45UH,526,9,744,750,94,582,55,10,101,8022
L85054,2020,07,TA199FE,907,20,1742,1753,262,1159,41,0,197,14558
L85055,2020,07,BS262BJ,819,18,1490,1498,109,989,95,0,157,14607
L85056,2020,07,TA66LX,757,11,1170,1182,133,780,44,7,153,10869
L85061,2020,07,TA199FE,631,6,694,699,120,432,90,5,136,7531
L85062,2020,07,TA28SQ,727,2,724,725,137,579,39,0,131,8817
L85064,2020,07,BA215RL,1172,7,881,894,159,671,83,0,240,11653
L85065,2020,07,TA246SN,722,9,1660,1672,202,1088,18,0,142,13861
L85066,2020,07,TA117PB,749,14,1089,1095,128,797,42,4,135,11026
L85601,2020,07,TA94JD,318,4,592,592,118,393,14,0,42,5188
L85607,2020,07,TA66LD,579,4,639,642,88,287,8,0,83,5697
L85609,2020,07,TA35FA,489,7,656,658,77,436,38,0,71,6957
L85611,2020,07,BA35HT,308,5,378,381,48,293,9,0,88,3630
L85612,2020,07,TA67AS,693,1,492,495,73,295,36,5,157,7014
L85619,2020,07,TA202DZ,719,7,818,820,99,521,153,38,137,9305
L85624,2020,07,TA199RX,361,3,820,828,90,629,35,0,43,6567
M81001,2020,07,B974AL,1061,23,1333,1339,149,933,42,0,349,14399
M81002,2020,07,B974AB,1058,12,1453,1460,215,904,96,0,337,14970
M81003,2020,07,HR68HD,1100,40,1189,1192,209,763,52,2,267,13973
M81004,2020,07,WR111JP,2281,17,4031,4068,638,2627,161,0,581,35381
M81005,2020,07,DY116SF,1511,9,1334,1343,189,795,119,4,408,17408
M81006,2020,07,WR25HL,2023,23,2156,2169,227,1492,196,7,560,25770
M81007,2020,07,GL207QN,732,10,1569,1588,111,892,25,0,173,10817
M81008,2020,07,WR12BS,1498,24,1613,1627,332,1335,39,0,277,19708
M81009,2020,07,HR20EU,648,11,1153,1156,94,597,27,0,170,10965
M81010,2020,07,DY102BG,1550,8,1551,1565,175,1159,134,0,414,18702
M81011,2020,07,WR90EL,616,19,1340,1348,127,867,57,0,157,10656
M81012,2020,07,HR82AQ,777,21,1133,1140,180,683,45,0,166,12071
M81015,2020,07,DY103AA,1006,28,1325,1344,181,929,40,0,247,15405
M81016,2020,07,HR68HD,1302,18,2001,2021,276,1121,61,13,334,19063
M81017,2020,07,WR49TX,1882,7,1574,1579,296,1017,165,0,425,18962
M81018,2020,07,HR48SN,567,26,1157,1165,221,835,46,0,124,11852
M81019,2020,07,B980NR,1442,16,1747,1767,255,1243,76,0,420,19930
M81020,2020,07,B974AJ,1138,23,1295,1301,172,871,83,0,299,15612
M81021,2020,07,B602JS,1038,17,1244,1252,150,731,103,0,255,13592
M81022,2020,07,WR51HG,1983,52,2592,2614,349,1704,244,9,533,26445
M81024,2020,07,HR28HT,581,12,1216,1223,240,852,29,0,136,10215
M81025,2020,07,B459HY,465,2,565,574,58,353,35,0,120,6656
M81026,2020,07,HR49JP,5651,96,6127,6156,1046,3546,392,1,1464,68270
M81027,2020,07,DY90NH,537,13,858,864,73,629,60,0,163,8877
M81029,2020,07,WR127DT,1289,18,1999,2012,323,1660,114,1,498,21110
M81032,2020,07,HR12JB,1524,28,1541,1560,220,968,68,0,385,18272
M81033,2020,07,WR66HR,738,18,1192,1198,134,824,59,0,211,12369
M81034,2020,07,WR98RD,815,18,1316,1327,181,893,62,0,291,13381
M81035,2020,07,WR51EZ,1053,17,1397,1403,208,935,104,0,242,14599
M81037,2020,07,WR11RU,1446,11,1588,1608,336,1092,121,10,289,18111
M81038,2020,07,WR80QL,2150,68,3463,3486,475,2399,159,0,550,33104
M81039,2020,07,WR141GQ,1309,51,1337,1353,186,1015,119,0,308,17293
M81040,2020,07,DY139EH,1290,27,1566,1584,232,1288,40,0,336,17795
M81041,2020,07,B974RN,1014,35,1048,1056,199,679,82,0,299,13499
M81042,2020,07,WR158AA,1017,32,1479,1499,139,922,68,3,312,15832
M81043,2020,07,HR69QL,797,7,1792,1811,295,981,33,0,168,16385
M81044,2020,07,HR95AB,1594,33,1822,1837,255,1127,93,1,431,18332
M81045,2020,07,WR65PH,621,6,968,974,139,606,59,0,175,9767
M81046,2020,07,WR101HZ,1705,32,2880,2892,354,2038,116,1,513,26000
M81047,2020,07,WR98RD,1072,19,1046,1051,160,775,115,0,277,13618
M81048,2020,07,HR74BZ,1097,24,2285,2301,311,1339,60,0,275,18951
M81049,2020,07,WR37LH,1325,35,1314,1319,208,1052,152,0,319,15392
M81054,2020,07,HR53EA,887,12,1693,1710,188,1095,44,0,184,15890
M81055,2020,07,B459JT,524,8,618,626,96,427,21,0,101,6559
M81056,2020,07,DY102JG,1866,34,2194,2201,222,1432,180,8,521,22624
M81057,2020,07,DY122EG,1782,72,2540,2560,304,1597,118,0,531,25258
M81058,2020,07,WR114BS,1953,12,2763,2781,415,1947,140,2,670,27316
M81061,2020,07,HR95AH,611,10,926,936,126,553,44,1,147,10316
M81062,2020,07,B450EU,282,0,426,430,84,309,11,0,95,4737
M81063,2020,07,WR25FB,1233,20,1548,1563,172,970,105,0,329,17140
M81064,2020,07,B475DP,488,14,614,618,95,417,46,0,116,7693
M81066,2020,07,HR12JB,1056,16,1194,1202,218,668,65,0,240,12698
M81067,2020,07,HR29HN,615,7,812,815,170,480,33,0,125,8402
M81068,2020,07,DY116SF,1887,23,2278,2302,333,1480,133,0,511,24021
M81069,2020,07,B610DD,1080,44,1346,1361,198,898,52,0,266,14783
M81070,2020,07,B610AZ,1227,24,1332,1337,211,909,98,0,253,16795
M81072,2020,07,WR13DU,753,40,729,744,117,535,113,0,180,9283
M81073,2020,07,DY138EH,1144,25,1229,1235,160,787,89,0,284,15134
M81074,2020,07,WR101PX,1311,27,2534,2556,261,1739,95,0,373,21852
M81075,2020,07,WR142GP,2001,48,2451,2479,279,1921,259,5,487,26742
M81076,2020,07,WR136QJ,351,7,772,788,61,405,47,0,78,5961
M81077,2020,07,B966DS,511,6,970,978,68,631,31,0,104,8487
M81078,2020,07,B458NF,351,7,553,555,58,440,54,0,110,5894
M81081,2020,07,WR141DD,553,12,927,938,137,549,61,37,128,8971
M81082,2020,07,B610AZ,1526,10,1415,1424,228,1145,80,0,487,18273
M81083,2020,07,B476ET,428,16,597,609,50,407,43,0,118,7329
M81084,2020,07,B610PU,422,6,567,568,71,392,17,0,91,5908
M81089,2020,07,B989AA,561,6,695,704,110,532,44,0,150,7803
M81090,2020,07,DY104SF,437,5,828,834,99,602,17,0,114,7330
M81091,2020,07,WR97BE,1253,28,1586,1601,170,1013,83,0,353,17872
M81092,2020,07,B974LA,673,33,618,625,106,403,61,0,151,8274
M81093,2020,07,HR27XT,951,17,844,846,168,533,60,1,275,10337
M81094,2020,07,WR114BS,1472,16,1831,1872,114,1476,86,0,595,20589
M81600,2020,07,WR135LT,388,14,713,736,91,453,8,0,91,7178
M81604,2020,07,HR14PZ,664,26,949,952,218,597,41,0,120,10290
M81605,2020,07,DY99TH,495,25,734,737,78,492,56,0,149,7543
M81608,2020,07,DY115TH,562,9,968,973,96,618,31,0,166,8422
M81616,2020,07,B975JX,200,3,277,281,64,313,6,0,67,3058
M81617,2020,07,B975JX,562,1,585,586,42,354,52,0,174,6084
M81621,2020,07,HR82AQ,569,16,754,758,135,539,71,1,163,8477
M81627,2020,07,WR113HD,1136,13,1089,1096,205,769,108,1,258,13695
M81629,2020,07,WR142GP,1046,24,1239,1246,137,825,168,0,198,14652
M82002,2020,07,SY35LZ,785,21,1069,1086,91,703,67,0,204,11465
M82003,2020,07,TF31FB,2492,39,2187,2202,450,1653,95,1,745,28446
M82004,2020,07,WV164EN,1134,55,1674,1695,162,1183,103,0,261,18978
M82005,2020,07,SY112RB,1302,37,1777,1802,286,1342,85,0,287,18447
M82006,2020,07,SY11PQ,1003,39,1312,1327,215,998,71,0,242,14631
M82007,2020,07,TF26AQ,1578,44,2167,2183,412,1355,53,0,497,21826
M82008,2020,07,SY66BL,579,43,1178,1190,91,626,68,2,138,11045
M82009,2020,07,TF42AA,1273,48,1264,1289,260,794,142,0,350,16452
M82010,2020,07,TF93AL,1655,65,1991,2006,218,1381,178,30,478,25029
M82011,2020,07,SY44JS,466,14,935,942,191,702,13,0,140,8843
M82012,2020,07,TF28EA,1755,54,1707,1752,309,1439,77,0,483,20627
M82013,2020,07,SY59QX,255,9,720,731,125,492,13,0,86,5213
M82014,2020,07,SY82AB,960,25,1243,1263,138,913,85,0,193,14813
M82016,2020,07,SY36DU,760,42,1179,1197,110,829,82,0,229,12771
M82017,2020,07,SY45PS,527,15,1224,1250,169,869,28,0,169,10497
M82018,2020,07,SY30PF,935,28,1303,1335,145,1008,61,0,311,13547
M82019,2020,07,TF136BL,967,65,1646,1658,210,1115,72,0,212,15411
M82020,2020,07,SY108HL,503,21,952,969,119,609,20,0,110,7998
M82021,2020,07,WV73DT,701,40,1232,1244,153,1042,76,10,175,14854
M82022,2020,07,SY111RD,1750,38,2254,2276,315,1781,111,0,442,24332
M82023,2020,07,SY42DR,804,14,1275,1286,183,911,16,0,231,11828
M82024,2020,07,WV166SS,398,14,680,683,93,358,31,0,91,6079
M82025,2020,07,SY120DB,2476,93,3879,3937,505,2847,153,48,513,35473
M82026,2020,07,SY111GA,1844,53,2872,2912,335,2544,213,0,590,28204
M82028,2020,07,TF107HG,1697,66,3214,3257,600,2108,92,0,506,29608
M82030,2020,07,SY50RF,1160,40,1717,1750,305,1437,73,0,252,19461
M82031,2020,07,WV166HG,385,10,654,660,98,526,64,0,73,6439
M82032,2020,07,SY14RQ,1667,36,1838,1863,370,1369,136,6,445,22061
M82033,2020,07,SY95ER,359,26,497,512,72,402,43,0,89,6210
M82034,2020,07,SY11RL,585,22,755,767,120,567,36,0,131,8588
M82035,2020,07,SY45AF,1409,26,2264,2293,262,1572,63,0,414,20885
M82038,2020,07,TF118AJ,941,38,1293,1309,178,1009,92,3,283,15924
M82039,2020,07,TF11PZ,2034,73,2412,2452,449,1645,182,0,492,26990
M82040,2020,07,SY37QR,558,18,677,691,44,410,16,0,160,7116
M82041,2020,07,DY148DB,812,24,901,918,152,762,93,0,210,12340
M82042,2020,07,TF75NR,428,24,1228,1231,269,791,1,0,191,7945
M82043,2020,07,SY81GT,775,38,1103,1126,134,742,60,0,177,12481
M82044,2020,07,SY131EN,664,13,1115,1134,159,813,16,0,176,9555
M82046,2020,07,SY79PY,554,11,726,727,140,670,29,0,149,8211
M82047,2020,07,SY26DL,810,29,1063,1072,130,623,105,0,226,11265
M82048,2020,07,SY25LS,532,16,610,617,80,445,36,0,129,7369
M82051,2020,07,TF125EL,471,19,567,575,99,467,56,0,85,6822
M82056,2020,07,TF107EN,1013,38,1186,1203,162,810,80,1,284,14375
M82057,2020,07,TF32EW,345,13,455,463,118,337,34,0,117,4859
M82058,2020,07,TF93NF,504,12,752,755,137,561,18,0,85,7993
M82059,2020,07,TF50LW,1154,26,1351,1371,195,986,101,4,350,15428
M82060,2020,07,SY37JS,1132,44,1485,1505,243,964,107,0,306,15626
M82601,2020,07,WV156NG,328,36,605,615,92,490,2,0,55,5953
M82604,2020,07,SY59HT,222,7,433,437,89,284,22,0,14,3705
M82606,2020,07,TF87DT,379,8,506,510,91,349,19,0,90,5416
M82616,2020,07,TF75EE,798,13,685,688,112,432,46,0,207,8782
M82620,2020,07,SY78HZ,338,12,716,723,104,473,28,0,59,6186
M83001,2020,07,WS152FH,1513,15,2941,2966,404,2022,81,0,344,24928
M83004,2020,07,ST34DW,1346,44,2393,2435,491,1820,76,0,260,24630
M83005,2020,07,ST57EB,606,33,1589,1604,300,1158,45,0,121,12054
M83006,2020,07,WS136JL,2631,66,4166,4214,615,3128,144,0,861,43903
M83007,2020,07,ST50ET,774,27,1134,1149,311,759,28,0,195,12025
M83009,2020,07,ST199BQ,1469,142,2503,2550,244,1612,108,0,383,24617
M83010,2020,07,DE142JA,964,3,1433,1453,332,1103,56,0,232,15406
M83011,2020,07,ST90JS,874,28,1205,1218,179,785,55,0,187,13263
M83012,2020,07,ST136JB,892,41,1081,1104,127,678,80,0,205,13525
M83013,2020,07,DE138PD,391,17,1113,1122,232,854,14,0,86,10083
M83014,2020,07,ST45NX,1145,26,1366,1387,250,938,50,0,335,14642
M83015,2020,07,CW39NQ,851,22,1442,1448,236,1036,49,0,284,14007
M83016,2020,07,WS67AB,681,11,1049,1063,147,727,42,0,193,11610
M83017,2020,07,TF94LF,592,20,1022,1025,167,828,26,0,111,9342
M83018,2020,07,WV59HA,581,8,996,1010,106,683,61,0,145,11392
M83020,2020,07,ST158AP,925,15,1411,1443,211,936,47,0,287,14673
M83021,2020,07,ST65UD,1724,51,2227,2260,437,1889,71,0,491,24845
M83022,2020,07,ST180SU,933,22,2467,2501,311,1455,50,0,251,18417
M83023,2020,07,ST74AY,1053,26,1522,1545,334,1122,47,0,284,16128
M83024,2020,07,ST161BS,742,7,917,924,116,651,39,5,164,10568
M83025,2020,07,ST51JD,876,32,1293,1310,247,989,57,0,242,13377
M83026,2020,07,DE130TE,1425,2,1407,1418,218,1046,36,0,549,17157
M83027,2020,07,DE143EY,990,0,1602,1611,196,1144,14,0,236,14723
M83028,2020,07,ST43AQ,2024,49,2156,2191,626,1979,64,0,564,24950
M83030,2020,07,WS137FA,1844,38,2290,2314,387,1599,112,0,503,26024
M83031,2020,07,WV81HD,421,13,914,925,78,636,41,0,113,9759
M83032,2020,07,B798BH,1234,8,1649,1669,267,1013,99,0,439,18872
M83033,2020,07,WS124DH,351,10,451,452,57,281,17,0,88,4661
M83034,2020,07,ST56PS,2056,54,2376,2409,431,1643,112,0,544,24897
M83035,2020,07,DE137AS,497,10,973,986,161,638,25,0,121,9109
M83036,2020,07,ST179LY,1090,14,1068,1079,186,695,131,2,252,14730
M83037,2020,07,DE139NA,681,13,939,960,167,710,33,0,182,11238
M83038,2020,07,ST68HY,1457,51,2139,2171,398,1546,29,0,328,21233
M83042,2020,07,DE159AW,1276,19,1730,1757,356,1410,63,0,247,19933
M83044,2020,07,ST163EB,1893,22,1535,1560,206,1074,337,18,661,21342
M83045,2020,07,ST195AP,1171,11,1701,1708,161,1170,77,0,319,16745
M83046,2020,07,ST86AG,1228,18,1578,1609,274,1139,43,0,285,18224
M83047,2020,07,ST37TW,647,11,1055,1087,226,852,49,0,182,10426
M83048,2020,07,WS67AE,957,16,1372,1386,199,955,74,0,242,15645
M83049,2020,07,ST161JG,1180,25,1489,1511,227,1032,136,0,264,17292
M83050,2020,07,ST174BS,1133,17,1660,1678,187,1176,73,0,337,17254
M83051,2020,07,DE141SL,1440,0,1687,1700,309,1232,59,0,301,18491
M83052,2020,07,ST170EG,2050,38,3165,3195,517,2119,149,0,538,30038
M83054,2020,07,ST78EW,1540,34,2212,2237,408,1457,42,0,405,20752
M83056,2020,07,ST58BN,1398,43,2284,2297,425,1450,55,0,391,21753
M83057,2020,07,ST162AG,1094,13,1534,1556,97,1087,73,0,243,16821
M83059,2020,07,WS153BT,264,4,748,752,118,507,6,0,98,6037
M83061,2020,07,ST27BW,1163,29,1867,1887,296,1190,42,0,290,17702
M83062,2020,07,B797JN,1634,55,1971,1999,412,1533,100,0,407,25865
M83063,2020,07,WS119SE,438,5,498,504,72,396,14,0,85,5488
M83065,2020,07,DE138LT,748,8,1515,1524,205,1039,36,0,172,13766
M83066,2020,07,ST46AT,686,34,883,887,110,677,5,0,271,8593
M83067,2020,07,ST53TF,1162,22,1353,1367,262,916,128,0,316,14447
M83068,2020,07,ST34LR,1418,19,1666,1700,472,1172,95,0,311,19685
M83069,2020,07,ST158YE,1759,28,2850,2875,292,1955,87,0,383,27765
M83070,2020,07,ST200GP,831,16,1779,1802,185,1167,116,0,208,16757
M83071,2020,07,ST136QR,1558,30,2362,2387,293,1521,69,0,336,22161
M83072,2020,07,WS71AQ,1428,26,2890,2916,342,2186,46,0,326,26421
M83073,2020,07,DE159QD,1280,4,1581,1590,179,1180,160,0,294,16871
M83074,2020,07,ST148JG,1851,43,2695,2747,614,2130,103,0,427,28361
M83075,2020,07,ST14PB,1122,16,1157,1169,360,873,62,0,307,15322
M83076,2020,07,ST13RX,1109,22,1011,1026,259,745,118,0,281,14064
M83079,2020,07,ST136LU,1052,51,1328,1351,210,922,118,0,254,16363
M83082,2020,07,ST65BE,1788,60,2639,2667,679,1943,77,0,465,26820
M83084,2020,07,ST74AY,919,31,1343,1362,199,763,20,0,248,12931
M83088,2020,07,B797EA,1467,9,2342,2387,437,1803,64,0,267,25179
M83089,2020,07,ST86AG,1416,48,1730,1749,363,1209,55,0,379,19435
M83090,2020,07,ST34LL,648,24,1204,1215,340,981,47,0,193,11450
M83092,2020,07,ST216BW,735,16,1834,1845,280,1104,37,0,160,14534
M83093,2020,07,WV58DX,462,14,829,835,122,499,16,0,153,8957
M83094,2020,07,ST67NN,2113,74,2863,2896,353,2008,81,0,563,27085
M83096,2020,07,ST101BH,1068,16,1238,1259,178,927,79,0,221,13213
M83097,2020,07,WV81DX,634,9,712,725,142,536,53,2,156,10116
M83100,2020,07,ST36AB,684,24,742,752,178,585,47,0,95,8895
M83102,2020,07,ST20JG,880,28,788,807,173,622,42,0,149,10028
M83103,2020,07,ST101HJ,540,16,1070,1093,181,784,19,0,145,9104
M83107,2020,07,WS111QN,833,6,900,907,189,757,28,0,166,10402
M83108,2020,07,ST101EY,1141,18,1441,1455,258,815,77,0,341,14404
M83109,2020,07,WS124DJ,342,5,331,333,59,249,37,0,105,4768
M83110,2020,07,B772ED,1347,42,1465,1486,224,1488,80,1,475,18836
M83111,2020,07,B797BH,281,14,487,499,122,446,44,0,32,5710
M83113,2020,07,B774JA,364,2,391,399,75,314,112,0,48,5250
M83117,2020,07,B797EA,683,25,701,712,138,552,42,0,121,9522
M83121,2020,07,ST104EG,706,18,1355,1443,205,1088,39,0,148,12193
M83122,2020,07,ST103HY,353,15,896,901,162,596,7,0,109,7194
M83123,2020,07,ST16RS,887,33,1108,1126,246,948,3,0,227,12057
M83125,2020,07,WV57BY,373,13,841,845,117,538,37,0,87,7805
M83126,2020,07,ST32EJ,1208,22,1614,1629,272,1058,41,0,295,15418
M83127,2020,07,ST62JN,616,7,755,779,242,579,83,0,157,9428
M83129,2020,07,WS123TG,961,22,1410,1423,256,959,30,0,318,13745
M83130,2020,07,WS115XY,403,2,666,685,130,414,17,0,125,6865
M83132,2020,07,WV67PD,382,16,699,705,91,528,15,0,114,6682
M83134,2020,07,ST44BX,458,5,651,657,120,501,23,0,132,5107
M83138,2020,07,ST48EX,793,38,967,987,186,756,37,0,184,10286
M83139,2020,07,WS116DE,568,4,1014,1028,249,779,27,0,108,10069
M83140,2020,07,ST52UE,632,16,897,910,161,635,38,0,164,9405
M83141,2020,07,ST53HP,1082,13,1717,1739,330,1387,42,0,351,16487
M83143,2020,07,ST65QJ,753,7,732,745,214,636,44,0,153,9468
M83146,2020,07,ST13NJ,2524,59,2582,2621,594,2052,114,0,567,30748
M83148,2020,07,B797DJ,2417,7,2539,2568,489,1872,74,1,763,29822
M83601,2020,07,ST48LT,681,65,1035,1050,163,775,39,0,172,12449
M83608,2020,07,WS66EW,376,12,644,653,61,454,26,0,116,7267
M83616,2020,07,WS115XY,718,5,825,841,121,585,10,0,224,9682
M83617,2020,07,WS137HT,2132,31,2930,2975,457,2043,91,26,579,31548
M83619,2020,07,ST47JB,348,16,374,375,79,338,44,0,103,4613
M83623,2020,07,ST14PB,309,9,651,661,218,485,4,0,49,5977
M83624,2020,07,ST29AJ,473,12,695,699,99,500,18,0,75,6794
M83625,2020,07,ST28DH,946,23,1336,1366,320,1026,78,0,184,12738
M83627,2020,07,ST62JN,921,48,1278,1286,296,972,27,0,185,13905
M83632,2020,07,ST119HQ,517,23,891,905,150,714,13,0,134,8127
M83637,2020,07,WS115JT,426,7,484,492,61,362,45,0,96,5996
M83638,2020,07,WS111DJ,1772,14,2072,2091,357,1513,77,0,396,24915
M83640,2020,07,ST104AP,237,7,602,603,103,453,19,0,27,5476
M83641,2020,07,ST145JX,295,14,456,461,104,384,25,0,55,4608
M83650,2020,07,ST66BE,1403,39,1826,1852,441,1431,27,0,432,18826
M83661,2020,07,ST31EQ,1084,30,1196,1203,292,1023,65,0,207,12820
M83668,2020,07,WV67QL,441,10,517,524,122,350,56,0,120,6641
M83670,2020,07,ST55BG,429,0,200,203,40,114,12,0,171,3267
M83680,2020,07,ST147FN,763,15,1054,1061,204,637,73,0,204,10630
M83681,2020,07,DE143LS,424,0,700,708,181,682,16,0,110,8717
M83682,2020,07,ST62AB,1096,30,1197,1224,293,1062,109,0,185,14120
M83691,2020,07,CW39BJ,198,8,366,367,82,221,22,0,21,3463
M83693,2020,07,B773BZ,747,2,916,920,229,706,49,0,276,9022
M83697,2020,07,ST59GA,421,39,446,451,141,415,8,0,107,5333
M83698,2020,07,WS66JZ,442,31,463,468,65,465,28,0,117,7410
M83700,2020,07,ST14PB,284,9,466,469,232,349,6,0,83,5129
M83701,2020,07,ST71QQ,724,24,1042,1050,201,765,33,0,156,10297
M83703,2020,07,WS151DU,577,4,672,682,88,453,45,0,149,7397
M83705,2020,07,B774JA,481,8,721,724,140,619,10,0,168,6892
M83706,2020,07,B774JA,185,9,288,307,42,229,1,0,42,3258
M83709,2020,07,ST99PB,642,18,960,972,189,628,20,0,137,8927
M83711,2020,07,ST48XP,363,7,644,657,98,434,16,0,79,6270
M83713,2020,07,ST36AB,617,40,765,784,265,739,54,0,160,9542
M83715,2020,07,WV107BS,395,3,516,516,70,353,57,0,123,5874
M83717,2020,07,WS119SE,378,6,391,395,67,230,15,0,115,4330
M83718,2020,07,DE143RH,433,2,548,551,89,441,18,0,133,5439
M83719,2020,07,WS121JF,688,23,1213,1218,168,738,38,0,61,10453
M83722,2020,07,WS124DH,453,3,536,539,61,297,26,0,104,5476
M83723,2020,07,ST57JS,1687,69,1885,1898,541,1399,85,0,489,24240
M83725,2020,07,ST33BS,601,3,735,742,162,507,34,0,155,7238
M83727,2020,07,WS119SE,374,24,640,650,87,479,50,0,93,6733
M83738,2020,07,WS152AB,916,23,1230,1243,135,792,45,0,225,12431
M84001,2020,07,CV115TW,1561,38,2298,2312,331,1502,66,0,470,21111
M84002,2020,07,B807QU,697,31,1128,1137,154,667,83,0,234,11812
M84003,2020,07,CV108LW,1160,23,2076,2085,331,1234,44,0,329,17713
M84004,2020,07,CV213AQ,1283,59,2030,2044,222,1299,103,1,358,21158
M84005,2020,07,CV100JH,587,9,874,881,179,747,40,0,124,8601
M84006,2020,07,B782NR,1585,87,2417,2429,441,1671,69,0,371,24861
M84007,2020,07,B781QA,1689,40,2981,3000,502,1928,62,0,336,26938
M84008,2020,07,CV78FD,1284,23,1845,1855,271,1035,35,0,299,16605
M84009,2020,07,CV472YG,616,45,1252,1258,158,719,41,0,152,10382
M84010,2020,07,CV345GJ,848,36,1114,1141,193,674,62,0,231,12071
M84011,2020,07,CV128NQ,2824,69,4411,4423,824,3243,223,0,767,42205
M84012,2020,07,CV62FL,1647,40,2320,2346,388,1470,105,0,526,24626
M84013,2020,07,CV81JP,885,33,1641,1665,172,997,39,0,224,14659
M84014,2020,07,CV376HE,1140,31,1739,1766,150,1261,112,0,290,16267
M84015,2020,07,CV311SA,1520,34,2373,2395,416,1486,132,1,390,22896
M84016,2020,07,CV83HG,568,31,1071,1074,145,812,42,0,168,9893
M84017,2020,07,CV325SS,941,52,1292,1305,141,819,75,0,302,15420
M84018,2020,07,B504LX,2009,59,2861,2921,481,2003,129,0,748,29274
M84019,2020,07,CV91EU,2459,69,3607,3631,750,2565,149,0,503,40190
M84020,2020,07,CV213QF,1026,51,1528,1541,238,987,87,0,285,16290
M84021,2020,07,CV376PP,2127,53,2972,2993,322,1557,159,8,555,27382
M84022,2020,07,CV115HX,1132,26,2188,2192,325,1189,107,0,298,17362
M84023,2020,07,CV213SP,2041,69,2568,2583,371,1745,231,5,609,27097
M84024,2020,07,B955GD,759,50,1058,1080,112,725,113,0,252,10993
M84025,2020,07,CV364BQ,1514,77,2889,2905,391,1802,85,0,400,24408
M84026,2020,07,CV471NY,1019,26,1745,1759,223,1114,73,4,266,14791
M84028,2020,07,CV344UN,1862,34,2904,2948,379,2175,172,0,668,27215
M84029,2020,07,CV327AT,718,42,1130,1139,125,681,76,2,205,11525
M84030,2020,07,CV359RH,1463,55,2602,2632,479,1683,145,0,503,24539
M84031,2020,07,CV230LU,742,41,1241,1255,206,736,24,0,166,12190
M84032,2020,07,CV312BB,922,39,1026,1048,194,834,82,0,279,12126
M84034,2020,07,CV114SB,121,6,467,470,51,266,25,0,26,3603
M84035,2020,07,CV212DN,1113,34,1327,1336,238,830,82,0,289,15247
M84036,2020,07,CV81JD,1336,59,2405,2423,240,1743,102,0,378,21335
M84037,2020,07,CV116AB,1223,33,2495,2505,307,1638,112,0,262,21475
M84040,2020,07,CV324RA,886,25,1279,1290,183,803,64,0,294,12185
M84041,2020,07,CV115QT,427,24,885,886,223,742,45,0,126,8379
M84042,2020,07,B463LD,1173,35,1991,1998,222,1520,97,0,330,20078
M84043,2020,07,CV376HJ,2016,59,3753,3777,499,2085,197,5,327,30778
M84044,2020,07,CV339HR,507,20,1293,1302,169,793,37,0,144,10540
M84046,2020,07,CV226AP,520,22,863,875,84,600,37,0,177,9700
M84047,2020,07,B945DY,551,30,1107,1116,174,780,60,0,142,10237
M84049,2020,07,B496QR,633,22,997,1005,107,633,36,0,178,9786
M84050,2020,07,CV213HX,963,34,1236,1249,180,710,139,0,222,12363
M84051,2020,07,CV115PQ,2815,66,4352,4375,793,2781,317,0,919,38141
M84055,2020,07,CV108EJ,279,2,716,722,138,629,41,0,57,5920
M84059,2020,07,CV311NE,366,12,651,655,125,573,40,0,101,7184
M84060,2020,07,B496QR,561,24,1306,1314,153,858,21,0,159,9798
M84061,2020,07,CV129JB,545,32,1093,1096,138,687,75,1,151,10988
M84062,2020,07,CV350LP,605,6,1002,1006,175,667,56,0,144,9487
M84063,2020,07,CV346JY,508,10,596,607,95,435,47,0,187,7001
M84064,2020,07,CV312LT,488,19,635,659,135,454,37,0,191,7386
M84065,2020,07,CV213HX,322,34,689,691,114,544,56,0,119,7570
M84066,2020,07,CV378TA,583,23,880,897,128,586,43,0,177,8199
M84067,2020,07,CV212DN,834,27,1419,1422,151,965,38,0,235,12476
M84069,2020,07,CV358SA,437,8,919,956,101,579,45,0,98,7183
M84070,2020,07,CV346DZ,544,9,588,596,114,402,42,0,144,7387
M84609,2020,07,CV120AJ,424,30,709,718,171,510,81,0,156,7266
M84612,2020,07,CV91DB,714,23,920,922,109,743,30,0,195,8522
M84615,2020,07,CV100PB,809,30,1225,1238,210,731,162,0,167,13187
M84616,2020,07,CV239NH,530,27,847,848,130,580,22,0,144,7457
M84618,2020,07,CV129JE,451,22,885,886,168,702,70,0,124,7852
M84620,2020,07,B946LH,320,25,555,566,36,394,28,0,90,4548
M84621,2020,07,CV115LE,272,12,540,545,141,365,30,0,90,4458
M84627,2020,07,CV128LH,714,18,1210,1212,188,834,163,0,189,11437
M84629,2020,07,CV470FG,692,45,867,871,130,560,57,0,190,9725
M85001,2020,07,B357QX,728,0,655,657,114,661,94,0,327,8863
M85002,2020,07,B202ES,865,0,1668,1700,574,1214,52,0,219,18727
M85005,2020,07,B100JL,292,0,577,580,356,535,22,0,99,8733
M85006,2020,07,B130HN,678,2,796,803,189,694,107,0,178,11349
M85007,2020,07,B313HB,897,0,713,715,164,478,48,2,281,9739
M85008,2020,07,B339EN,396,0,286,294,99,325,32,0,80,4727
M85009,2020,07,B202QR,473,2,759,762,299,556,61,0,123,8763
M85011,2020,07,B258AA,594,5,835,838,167,641,39,0,199,10605
M85013,2020,07,B339EJ,411,0,766,770,146,535,35,0,57,7120
M85014,2020,07,B248RD,257,0,458,460,74,485,2,0,66,5038
M85016,2020,07,B440NN,612,2,946,952,144,751,2,0,185,9863
M85018,2020,07,B144DU,740,2,1042,1051,170,821,67,0,221,12579
M85019,2020,07,B421BT,1736,12,3576,3640,1068,3042,73,0,428,38826
M85020,2020,07,B192JA,1138,5,2280,2314,878,1690,43,21,182,23953
M85021,2020,07,B138JS,192,0,158,159,34,117,33,0,85,2162
M85023,2020,07,B295QD,976,0,942,956,204,767,66,0,220,13345
M85024,2020,07,B100BS,436,0,1013,1021,491,897,56,0,142,11003
M85025,2020,07,B151LZ,562,0,554,563,163,444,42,0,130,8316
M85026,2020,07,B761QN,845,0,1571,1603,173,1253,80,0,333,18086
M85027,2020,07,B459BU,864,0,941,946,146,709,31,0,250,11630
M85028,2020,07,B179DB,1826,3,2180,2191,392,1784,98,11,558,28252
M85029,2020,07,B301DH,588,2,791,801,94,528,46,0,203,9967
M85030,2020,07,B311QT,1358,3,1364,1379,281,1107,26,0,401,17676
M85031,2020,07,B347BP,1338,1,1388,1398,264,1145,67,2,373,17904
M85033,2020,07,B721RL,1177,0,1373,1402,225,1181,91,0,411,18848
M85034,2020,07,B95PU,778,0,1081,1084,346,876,55,0,214,15653
M85035,2020,07,B323SD,528,1,442,445,61,358,15,2,109,6541
M85037,2020,07,B146AA,681,0,910,913,163,679,36,0,150,11195
M85041,2020,07,B297DU,506,3,310,317,47,308,23,0,191,5740
M85042,2020,07,B297NT,370,2,522,525,83,349,50,1,117,5840
M85043,2020,07,B389TJ,717,8,527,534,128,449,57,0,148,8994
M85046,2020,07,B756DX,2967,8,4793,4832,633,3900,310,0,964,59395
M85047,2020,07,B312HZ,750,0,655,663,123,416,27,0,171,9215
M85048,2020,07,B263TP,1208,0,1352,1374,249,1226,72,0,336,17651
M85051,2020,07,B129LP,286,0,484,487,292,418,17,0,86,6553
M85053,2020,07,B75PR,340,2,492,498,137,347,37,0,118,7608
M85055,2020,07,B296JG,402,0,470,476,119,344,38,0,91,5224
M85056,2020,07,B295HA,637,2,714,721,181,566,31,0,234,9067
M85058,2020,07,B170HG,600,11,603,613,123,456,50,6,144,9493
M85060,2020,07,B449ER,1460,9,2566,2599,334,2190,89,0,413,26515
M85061,2020,07,B95PU,899,0,1205,1220,349,1037,102,0,251,17638
M85062,2020,07,B294HH,603,0,619,626,129,443,35,0,109,7880
M85063,2020,07,B240SY,6265,4,6970,7010,1595,5652,614,4,1913,93782
M85065,2020,07,B249JN,1088,6,1030,1047,209,774,123,14,418,16786
M85066,2020,07,B82JN,879,0,1125,1132,294,960,74,4,208,16468
M85069,2020,07,B66BB,997,8,1957,1977,752,1396,35,0,194,20251
M85070,2020,07,B236DJ,1229,0,1241,1266,311,1077,184,0,444,18589
M85071,2020,07,B388TE,855,0,1081,1091,128,797,49,8,277,12862
M85074,2020,07,B139HD,619,2,845,856,132,592,54,3,149,8837
M85076,2020,07,B315ER,776,0,733,737,134,631,47,0,185,10401
M85077,2020,07,B301BY,915,18,1032,1051,169,748,135,0,224,14838
M85078,2020,07,B114BW,440,3,937,944,430,816,67,14,120,14764
M85079,2020,07,B356EE,1389,4,1024,1038,190,1066,64,0,458,17768
M85081,2020,07,B235DD,777,5,1080,1094,186,763,1,3,277,12663
M85082,2020,07,B219NH,152,0,1084,1104,530,926,15,0,16,9558
M85084,2020,07,B120UF,354,0,584,588,187,435,16,0,71,6958
M85086,2020,07,B314TU,936,1,1055,1067,165,760,29,1,250,11736
M85087,2020,07,B440HL,979,0,1117,1124,219,1005,79,0,263,16605
M85088,2020,07,B169AL,936,1,992,1005,298,702,73,3,280,13247
M85092,2020,07,B144JU,762,3,790,794,109,534,56,0,164,9448
M85094,2020,07,B258BY,97,0,218,221,45,170,9,0,18,1983
M85097,2020,07,B263SE,84,0,223,223,41,199,4,0,29,1979
M85098,2020,07,B160LU,224,0,581,596,178,505,0,0,62,4199
M85105,2020,07,B277XZ,468,0,615,624,155,452,17,0,184,6732
M85107,2020,07,B368LR,287,1,309,315,49,243,38,0,68,4227
M85108,2020,07,B109QE,280,0,475,482,167,432,18,0,73,7091
M85110,2020,07,B81RZ,556,5,1217,1231,544,1123,50,0,152,15431
M85113,2020,07,B346BP,526,0,856,861,186,730,34,0,212,9430
M85115,2020,07,B235TJ,179,0,270,273,78,202,28,0,46,3452
M85116,2020,07,B114AN,421,2,797,802,331,680,39,0,115,10742
M85117,2020,07,B323PR,859,1,983,1004,202,803,53,0,203,11332
M85118,2020,07,B280RF,273,0,675,679,40,595,7,0,53,5489
M85123,2020,07,B66JY,396,1,834,839,592,760,42,0,67,10603
M85124,2020,07,B57LX,751,2,939,947,280,677,52,0,208,11533
M85128,2020,07,B129LP,311,0,420,424,161,307,36,0,76,6095
M85134,2020,07,B388AX,259,0,402,403,71,270,21,0,100,4033
M85136,2020,07,B145SB,967,1,1070,1077,281,970,94,0,224,13162
M85139,2020,07,B81JA,337,0,769,770,330,699,32,0,101,7483
M85141,2020,07,B346RB,415,0,549,551,87,521,55,2,82,7015
M85142,2020,07,B303QT,101,0,180,181,30,171,6,0,28,1917
M85143,2020,07,B323LE,565,0,627,629,123,558,40,1,128,9592
M85145,2020,07,B202NR,376,13,962,976,252,661,38,0,76,9862
M85146,2020,07,B100AU,195,1,467,469,249,432,36,0,52,6328
M85149,2020,07,B83QD,293,1,886,888,379,881,16,0,73,11645
M85153,2020,07,B114RA,111,0,284,284,135,237,7,0,19,3078
M85154,2020,07,B191HS,132,0,355,356,223,328,10,0,26,4817
M85155,2020,07,B440UY,663,0,962,971,190,810,51,0,254,9797
M85156,2020,07,B302SH,628,0,420,429,72,318,105,0,171,7459
M85158,2020,07,B449HW,192,2,280,286,49,254,9,0,60,3568
M85159,2020,07,B312DN,776,0,1008,1013,235,872,31,0,201,12400
M85164,2020,07,B128QE,459,4,981,1002,583,826,47,0,91,12736
M85167,2020,07,B152QU,430,0,248,249,26,180,22,0,188,3596
M85170,2020,07,B81RE,328,2,622,627,357,596,38,0,42,7613
M85171,2020,07,B261AT,229,0,343,344,107,270,9,0,48,3536
M85172,2020,07,B322TJ,1290,4,1609,1614,282,1179,26,3,309,18597
M85174,2020,07,B111LU,285,2,417,424,165,310,11,0,88,5107
M85175,2020,07,B721DL,623,4,1037,1051,169,783,89,7,212,13747
M85176,2020,07,B219RY,261,10,563,582,241,548,46,0,83,6527
M85177,2020,07,B277AL,641,0,644,660,138,575,5,0,164,9343
M85178,2020,07,B191BP,1013,2,1531,1544,544,1014,80,21,212,17919
M85179,2020,07,B145DJ,483,0,676,688,127,635,42,0,92,7985
M85600,2020,07,B388QS,1036,0,893,901,154,741,55,0,271,13160
M85624,2020,07,B421TY,494,0,586,590,114,456,66,0,106,7254
M85634,2020,07,B191HL,318,3,686,696,267,603,23,0,97,7187
M85642,2020,07,B187AL,289,2,639,644,299,600,23,0,84,8330
M85669,2020,07,B236DJ,475,0,398,401,103,301,78,0,126,5701
M85670,2020,07,B81RT,143,0,299,302,191,308,10,0,47,3086
M85671,2020,07,B302AA,124,0,172,174,29,131,22,0,33,2123
M85676,2020,07,B65HP,222,5,401,403,173,398,31,0,68,5672
M85679,2020,07,B109AB,258,1,483,485,304,521,30,1,65,6076
M85686,2020,07,B187AL,105,0,243,246,49,179,33,0,19,2356
M85693,2020,07,B146AA,115,1,217,217,55,134,14,0,26,2323
M85694,2020,07,B262SB,211,1,286,294,96,328,14,0,39,4094
M85697,2020,07,B65UP,260,0,596,605,211,426,13,0,65,5594
M85699,2020,07,B100UG,257,2,379,383,213,451,10,0,77,6069
M85701,2020,07,B191TT,151,0,381,388,247,343,16,0,36,5027
M85706,2020,07,B184HL,785,2,987,992,341,984,26,0,240,13748
M85711,2020,07,B178LG,82,1,312,315,112,223,32,0,24,2585
M85713,2020,07,B120YA,174,2,358,361,146,323,8,0,32,5286
M85715,2020,07,B219RY,336,7,896,910,479,732,15,0,68,10007
M85716,2020,07,B236DJ,351,0,374,379,91,284,39,0,118,4937
M85717,2020,07,B262TY,491,0,482,485,88,461,36,0,148,6978
M85721,2020,07,B210HL,106,0,458,459,152,401,0,0,45,3258
M85722,2020,07,B83HE,146,0,303,306,183,294,22,0,45,5259
M85730,2020,07,B311TR,229,0,200,203,33,136,19,0,29,2846
M85732,2020,07,B75BT,64,0,148,153,47,99,2,0,18,1813
M85733,2020,07,B138QS,159,0,248,252,72,161,11,0,58,3304
M85735,2020,07,B113ND,204,1,251,253,170,234,25,0,61,4036
M85736,2020,07,B276QJ,524,2,734,739,169,543,49,1,181,7400
M85739,2020,07,B81JA,242,0,617,621,313,522,17,0,53,5575
M85746,2020,07,B330SA,609,0,627,633,186,642,39,0,204,8210
M85749,2020,07,B100TU,76,1,326,326,150,269,2,0,16,3218
M85753,2020,07,B147NH,182,0,145,146,39,113,18,0,47,2401
M85756,2020,07,B114DG,99,0,254,255,108,196,15,0,24,3205
M85757,2020,07,B219RY,112,0,214,224,83,159,12,0,27,2358
M85759,2020,07,B75DT,510,3,592,597,216,579,8,0,135,8789
M85766,2020,07,B129LP,173,0,195,200,95,178,25,0,47,3418
M85770,2020,07,B263TT,155,0,236,240,69,228,28,0,44,2954
M85774,2020,07,B114BW,288,0,345,345,44,273,23,0,73,5022
M85778,2020,07,B47TA,304,5,159,162,32,104,12,0,146,2409
M85779,2020,07,B440DX,337,2,395,398,107,364,21,0,86,5559
M85781,2020,07,B95EG,149,0,361,365,233,303,12,0,31,3929
M85783,2020,07,B129RR,284,1,528,529,226,487,48,0,53,7558
M85792,2020,07,B448TU,204,2,260,267,63,202,25,0,58,3727
M85794,2020,07,B111LU,218,1,278,279,184,331,29,0,39,4257
M85797,2020,07,B13AL,423,1,784,792,310,562,10,4,103,7981
M85801,2020,07,B202NR,51,2,143,151,44,105,6,0,10,1473
M85803,2020,07,B82HB,434,0,467,472,260,489,50,0,106,8133
M86001,2020,07,CV33DG,711,8,1107,1118,185,622,43,0,197,9941
M86002,2020,07,CV66DR,869,4,1448,1463,410,1173,94,0,203,15655
M86003,2020,07,CV36EA,1068,22,2259,2290,498,1569,88,0,278,20977
M86004,2020,07,CV59JE,1192,36,1449,1464,206,904,65,0,355,15401
M86005,2020,07,CV14FS,419,7,826,828,197,551,36,0,97,6998
M86006,2020,07,CV13GB,1056,32,1467,1474,250,900,99,0,354,14113
M86007,2020,07,CV36GQ,446,26,1293,1302,183,854,33,0,121,10506
M86008,2020,07,CV64DD,941,28,1846,1859,472,1515,139,0,252,17491
M86009,2020,07,CV63HZ,1708,24,1949,1975,390,1268,124,0,420,19953
M86010,2020,07,CV48FT,986,39,1096,1110,216,673,82,0,259,13246
M86012,2020,07,CV14FS,678,13,981,986,257,726,42,0,199,10275
M86014,2020,07,CV25EP,1873,9,2788,2806,506,1747,66,0,485,28416
M86015,2020,07,CV33AD,1791,40,2350,2376,437,1716,267,0,375,25891
M86016,2020,07,CV24LJ,1235,18,2031,2043,428,1233,116,0,352,18118
M86017,2020,07,CV31JB,1059,24,1618,1629,325,1354,57,0,351,16650
M86018,2020,07,CV61HS,1048,27,1478,1499,242,836,111,0,275,15601
M86019,2020,07,CV49DR,482,4,982,985,182,606,50,0,87,8742
M86020,2020,07,CV21XA,1027,10,1257,1276,302,867,74,0,293,12514
M86021,2020,07,CV62FL,682,2,1083,1087,188,731,54,0,218,11293
M86023,2020,07,CV23DR,492,5,1149,1163,186,585,30,0,193,9233
M86027,2020,07,CV35PZ,590,20,898,911,184,554,48,0,208,9867
M86028,2020,07,CV65DF,311,1,529,534,214,472,43,0,67,6133
M86029,2020,07,CV13HQ,1482,43,1735,1770,267,1300,159,2,418,18294
M86030,2020,07,CV56HY,767,0,1080,1092,210,767,88,0,293,11632
M86032,2020,07,CV64HN,1180,30,1771,1780,371,1224,85,0,280,18577
M86033,2020,07,CV33DP,653,9,760,773,158,558,59,0,153,8722
M86034,2020,07,CV49PL,1118,46,1462,1477,166,976,65,0,406,17008
M86035,2020,07,CV21AB,1129,8,1349,1367,313,976,73,0,300,13646
M86037,2020,07,CV35PZ,467,1,438,448,102,309,98,0,162,6059
M86038,2020,07,CV32FD,267,0,553,566,92,348,91,0,91,5832
M86039,2020,07,CV59BD,430,23,910,917,117,664,43,0,84,8145
M86040,2020,07,CV22SW,423,4,852,866,143,409,12,0,77,7157
M86041,2020,07,CV24LJ,799,18,1253,1266,238,884,78,0,195,12655
M86044,2020,07,CV12DL,297,1,681,686,170,388,26,0,84,5009
M86045,2020,07,CV65BG,387,6,1082,1087,500,805,42,0,101,11499
M86046,2020,07,CV25NB,602,23,1059,1061,205,753,55,0,194,9612
M86048,2020,07,CV66DR,625,8,917,920,268,688,35,0,161,8919
M86605,2020,07,CV49PN,238,4,470,476,65,311,17,0,68,4037
M86610,2020,07,CV12DL,67,0,333,333,78,213,2,0,37,1878
M86612,2020,07,CV14JH,173,0,287,288,126,228,2,0,30,3286
M86617,2020,07,CV14FS,223,2,550,551,206,340,36,0,54,5817
M86622,2020,07,CV56EU,243,4,479,486,75,406,17,0,67,4209
M86624,2020,07,CV63FA,701,6,1221,1227,431,1035,25,0,151,12601
M86627,2020,07,CV31EG,559,1,673,674,233,432,37,0,181,6947
M86633,2020,07,CV65LL,327,4,878,890,326,531,19,0,69,6964
M86638,2020,07,CV22RH,604,2,725,732,143,575,58,0,180,9249
M87001,2020,07,B631AB,637,22,1224,1242,169,750,93,0,182,11923
M87003,2020,07,DY69HS,1840,91,2725,2738,326,2180,98,0,569,31888
M87005,2020,07,DY84JB,891,16,1364,1373,174,1012,70,0,281,14395
M87006,2020,07,DY12QD,1014,17,1278,1293,244,1070,53,0,322,15112
M87007,2020,07,DY33UH,1187,52,1576,1581,192,1244,164,1,315,19010
M87008,2020,07,DY68DN,964,28,1262,1274,83,950,64,0,223,14426
M87009,2020,07,DY53EE,2318,25,2256,2297,368,1728,120,0,700,29056
M87010,2020,07,DY51RU,1008,8,1151,1159,196,1081,37,0,358,13170
M87011,2020,07,DY83SS,2557,70,3193,3233,410,2421,197,0,936,40730
M87012,2020,07,DY13QZ,917,19,977,991,169,718,139,0,226,13725
M87013,2020,07,DY47QU,1022,8,1196,1213,275,917,68,0,323,16643
M87014,2020,07,B620HP,667,4,988,996,132,735,46,0,176,10146
M87015,2020,07,DY32NQ,810,19,1334,1353,197,943,33,0,177,14518
M87016,2020,07,DY31AF,564,11,841,848,89,521,26,0,197,9524
M87017,2020,07,DY11RT,797,33,1066,1071,166,842,57,0,229,13943
M87018,2020,07,DY69JG,861,52,973,979,121,781,104,0,265,16506
M87019,2020,07,DY98LL,759,12,775,787,172,575,54,0,203,11393
M87020,2020,07,B629DR,904,25,1094,1116,152,832,80,1,235,12743
M87021,2020,07,WV149DJ,754,12,1143,1154,193,817,36,0,111,10613
M87023,2020,07,DY85PD,878,9,1357,1377,145,1009,49,0,290,13769
M87024,2020,07,DY99DS,2479,53,2731,2747,321,2114,197,10,813,35768
M87025,2020,07,DY11RN,568,24,755,760,183,723,19,0,172,9117
M87026,2020,07,DY12BY,352,12,632,640,127,434,21,2,64,7458
M87027,2020,07,DY52AE,552,9,538,538,87,397,51,0,98,6624
M87028,2020,07,DY29PU,583,6,827,831,135,567,32,0,158,9416
M87030,2020,07,DY98DJ,470,9,636,637,94,509,50,0,135,6737
M87034,2020,07,B629LR,405,6,537,542,122,375,84,0,112,6797
M87036,2020,07,DY28TH,297,1,367,370,92,260,49,0,99,4453
M87037,2020,07,DY33QY,542,19,932,937,72,628,52,0,153,9168
M87041,2020,07,DY68PN,592,18,751,761,81,634,40,0,146,9407
M87601,2020,07,DY12ER,874,12,796,805,171,560,129,0,201,11444
M87602,2020,07,B634WD,1008,10,1405,1418,202,1037,81,3,244,14711
M87605,2020,07,DY27BX,304,3,295,298,79,229,6,0,89,4010
M87612,2020,07,DY12BY,312,5,314,316,74,246,26,0,64,4443
M87617,2020,07,DY29PU,386,3,464,473,86,358,19,0,118,4885
M87618,2020,07,DY53JR,224,0,278,287,34,238,2,0,84,3002
M87620,2020,07,DY12TY,535,4,583,590,98,435,41,0,183,7262
M87621,2020,07,DY31LS,309,2,296,298,56,224,52,0,53,4117
M87623,2020,07,B633UH,203,5,394,397,136,334,13,0,53,4121
M87628,2020,07,DY98BT,142,5,322,324,122,254,13,0,20,3826
M87638,2020,07,DY52JS,343,7,678,685,85,513,14,0,78,5981
M88001,2020,07,WS100EB,1140,15,1208,1227,395,1264,91,14,282,15757
M88002,2020,07,B663BQ,787,10,1401,1421,397,1047,22,0,176,13687
M88003,2020,07,B680RT,1045,13,1502,1511,380,1257,35,0,250,18862
M88004,2020,07,B650BA,4696,92,6427,6465,1593,4953,295,8,1239,71558
M88006,2020,07,B663NR,934,21,1403,1421,446,1140,32,0,254,19124
M88007,2020,07,WS109HP,1148,13,1638,1654,433,1501,84,0,249,17912
M88008,2020,07,B713LN,585,5,878,883,185,773,48,0,156,10923
M88009,2020,07,B663PZ,995,9,1374,1396,380,1142,89,0,124,15262
M88010,2020,07,DY40SZ,979,8,1422,1429,308,1239,62,0,260,14486
M88013,2020,07,DY48PX,1275,15,1720,1728,374,1342,93,0,314,21379
M88014,2020,07,B700PU,276,1,666,674,233,566,72,0,75,6112
M88015,2020,07,B437HB,699,7,1138,1158,307,860,83,0,103,14035
M88016,2020,07,B646JN,181,4,445,445,84,333,20,0,49,3409
M88018,2020,07,B694DE,2074,29,2372,2385,603,1990,162,0,596,30335
M88019,2020,07,B664ES,94,0,332,336,112,279,9,0,17,2849
M88020,2020,07,B178DP,708,9,1272,1293,296,1014,16,0,145,13978
M88021,2020,07,B436AA,749,8,1794,1816,365,1422,93,0,213,17189
M88022,2020,07,WS107AR,467,8,719,720,214,645,68,0,112,8690
M88023,2020,07,WS100EB,463,3,759,771,188,697,54,0,79,8156
M88026,2020,07,B691HE,378,7,679,679,129,474,27,0,88,6532
M88030,2020,07,B646JE,759,8,1031,1041,210,803,2,0,133,10586
M88031,2020,07,B659AF,459,3,468,472,124,371,37,0,117,5860
M88035,2020,07,B700HN,308,4,454,461,111,321,10,0,57,4504
M88038,2020,07,B707AW,1648,17,2511,2520,754,2025,135,0,383,27822
M88040,2020,07,B661HB,440,5,949,958,402,905,11,0,89,9368
M88041,2020,07,B662DD,158,2,377,379,177,336,6,0,35,3377
M88042,2020,07,B675BP,347,4,584,589,179,445,44,0,110,6553
M88043,2020,07,B647HG,448,7,620,621,139,457,25,0,139,6863
M88044,2020,07,B708PG,151,0,324,325,139,261,27,0,36,3669
M88600,2020,07,DY48SS,200,0,439,441,124,409,16,0,57,4635
M88610,2020,07,B676AJ,136,3,375,378,156,259,8,0,30,3752
M88612,2020,07,DY40SN,430,8,427,430,144,427,72,0,86,7163
M88616,2020,07,DY47EY,1070,10,1361,1369,390,1160,93,0,263,15823
M88618,2020,07,B692LD,201,0,263,265,84,180,22,0,34,3023
M88619,2020,07,B707AW,559,9,964,966,244,808,62,0,142,10892
M88620,2020,07,B688LJ,210,6,333,337,106,325,27,0,70,3791
M88625,2020,07,B707AW,218,0,382,388,127,366,9,0,69,3649
M88626,2020,07,B706JX,272,8,508,508,196,436,102,0,48,5376
M88627,2020,07,WS107AR,285,0,424,425,141,415,18,0,65,5049
M88628,2020,07,B708HQ,174,2,598,600,194,463,28,0,48,4820
M88630,2020,07,B713AS,373,3,856,861,251,629,22,0,63,7556
M88633,2020,07,B677LU,323,7,796,802,330,691,18,0,53,8330
M88635,2020,07,B689LZ,142,0,401,404,110,305,10,0,29,3466
M88639,2020,07,B706JX,178,0,422,429,183,358,27,0,35,4829
M88640,2020,07,B689SZ,155,1,438,442,185,405,22,0,39,4808
M88643,2020,07,WS107EH,818,7,704,705,145,692,50,0,157,10461
M88645,2020,07,B689DU,1183,11,1173,1194,293,1025,103,0,281,18262
M88646,2020,07,B707AW,207,4,393,396,110,298,30,0,81,4326
M88647,2020,07,B688JB,265,0,434,444,213,366,6,0,71,5063
M89001,2020,07,B369EJ,283,0,598,604,96,442,43,0,125,5149
M89002,2020,07,B376BE,782,3,1112,1124,231,845,44,0,255,11116
M89003,2020,07,B904DD,3288,0,5422,5448,701,4178,136,0,974,53510
M89005,2020,07,B927JS,675,10,871,879,120,733,52,0,133,11776
M89007,2020,07,B927SA,445,1,541,543,109,432,41,0,97,6796
M89008,2020,07,B375BU,1324,2,1675,1684,246,1384,37,0,371,17304
M89009,2020,07,B261PE,1167,12,1599,1613,325,1413,145,0,233,19608
M89010,2020,07,B938LH,639,1,928,933,88,693,54,0,182,11757
M89012,2020,07,B377WB,1579,0,1632,1653,278,1502,102,0,446,19845
M89013,2020,07,B360SZ,640,0,693,696,195,668,68,0,168,9123
M89015,2020,07,B903LX,988,1,1644,1654,238,1391,105,0,303,17920
M89016,2020,07,CV77RW,1140,0,2340,2350,229,1843,18,0,273,20585
M89017,2020,07,B912AG,3934,5,6423,6480,812,4802,229,0,1189,66942
M89019,2020,07,B928ED,1123,3,1756,1772,301,1258,73,0,331,17832
M89021,2020,07,B263JS,465,8,833,846,76,635,43,0,86,7917
M89024,2020,07,B901NG,333,1,419,420,93,327,28,0,70,5221
M89026,2020,07,B360HH,1272,1,2057,2068,316,1359,55,0,346,18801
M89027,2020,07,B360SZ,952,0,1351,1360,226,1078,38,0,338,14584
M89030,2020,07,B930QA,270,0,396,399,39,358,27,0,79,4262
M89602,2020,07,B360LF,311,0,610,614,126,439,9,0,52,6018
M89608,2020,07,B920AH,172,0,241,247,28,188,7,0,48,2360
M91003,2020,07,WV125XZ,567,6,573,580,111,424,36,0,185,7925
M91004,2020,07,WS28DA,1070,17,1141,1159,243,877,54,1,351,15429
M91006,2020,07,WS87JG,484,5,647,651,116,530,29,0,144,7223
M91007,2020,07,WS99LP,1108,25,1502,1518,219,1103,57,0,318,16305
M91008,2020,07,WS13EP,840,31,1138,1158,287,895,61,0,182,14984
M91009,2020,07,WS99NP,666,24,806,813,148,635,74,0,190,9824
M91010,2020,07,WS98AJ,827,29,1036,1056,138,777,58,2,213,13099
M91011,2020,07,WS12LX,671,14,1047,1058,210,754,106,0,220,12583
M91013,2020,07,WV132DR,1258,31,1410,1427,247,1164,90,0,401,16457
M91014,2020,07,WS13PS,284,2,426,438,142,351,49,0,86,4818
M91015,2020,07,WS11UG,919,23,1020,1040,174,776,98,3,297,14591
M91016,2020,07,WV125RZ,605,5,666,673,137,569,48,0,151,8671
M91017,2020,07,WS98AJ,878,39,1051,1071,122,703,30,2,236,12909
M91018,2020,07,WS11YB,238,1,432,438,90,334,32,0,69,4709
M91019,2020,07,WS41HB,1670,48,1882,1914,273,1899,73,0,402,24580
M91020,2020,07,WS12NL,356,17,892,901,152,675,24,0,91,8397
M91021,2020,07,WV132DR,1078,13,956,966,179,689,125,0,339,14325
M91024,2020,07,WS34LN,181,3,371,371,78,344,28,0,53,3855
M91026,2020,07,WS108SY,312,6,299,299,103,314,24,0,111,4733
M91028,2020,07,WS20BA,1053,12,1334,1342,230,1026,49,0,274,14593
M91029,2020,07,WS32TA,727,9,558,565,106,454,48,0,239,8648
M91032,2020,07,B437NF,483,13,771,774,136,584,18,0,93,6926
M91033,2020,07,WV132DR,520,3,551,560,33,416,31,0,243,6629
M91034,2020,07,WS33JP,520,12,689,695,144,518,37,0,178,9190
M91036,2020,07,WS31ET,422,6,431,434,140,395,22,0,174,5445
M91602,2020,07,WS33JP,231,6,272,273,79,259,27,2,36,3317
M91609,2020,07,WS87JG,243,2,241,241,56,191,17,0,97,2905
M91611,2020,07,WS27EZ,336,4,455,457,111,453,55,0,91,5151
M91612,2020,07,WS33JP,355,3,340,343,84,268,45,0,106,5201
M91613,2020,07,WS29PL,690,10,1028,1036,381,812,42,0,180,10965
M91614,2020,07,WS20BA,552,11,653,658,137,511,40,0,123,8082
M91616,2020,07,WS29HY,554,10,914,928,285,680,69,2,159,12155
M91619,2020,07,WS13HD,464,3,476,481,96,321,196,3,153,6651
M91621,2020,07,WS14JQ,333,0,808,811,325,684,9,0,138,8839
M91623,2020,07,WS33RT,204,5,291,302,41,242,20,0,50,3216
M91624,2020,07,WS108TF,424,8,342,348,66,302,33,2,123,5395
M91626,2020,07,WS87JB,524,15,505,514,77,398,18,6,155,6779
M91628,2020,07,WS13PS,136,2,342,343,124,289,6,0,26,3901
M91629,2020,07,WS28QH,463,2,483,485,163,417,47,3,137,6434
M91637,2020,07,B743PL,217,7,371,372,52,327,21,0,54,4825
M91639,2020,07,WS99NP,291,3,287,290,70,245,42,0,63,3725
M91640,2020,07,WS108NQ,506,11,457,461,101,379,57,0,145,6597
M91641,2020,07,WS109JS,382,5,541,550,105,388,45,0,82,6791
M91642,2020,07,B437DY,117,1,183,184,35,125,12,0,27,2068
M91647,2020,07,WS33JP,517,6,560,562,122,472,20,2,179,7439
M91650,2020,07,WS33JP,1178,20,1281,1289,234,1041,68,0,311,17399
M91654,2020,07,WS34LX,286,8,381,390,54,274,30,0,87,4414
M91659,2020,07,WS13PS,142,0,197,201,109,183,14,0,28,3438
M91660,2020,07,WS108SY,459,2,494,496,90,407,62,0,163,5769
M92001,2020,07,WV109PG,390,0,713,717,198,678,9,0,103,7866
M92002,2020,07,WV111XU,814,30,1393,1403,240,1210,75,0,182,17386
M92003,2020,07,WV148SB,220,2,391,391,118,389,6,0,75,4168
M92004,2020,07,WV108RN,264,2,327,329,81,303,51,0,22,5267
M92006,2020,07,WV37NA,369,9,714,720,128,550,45,0,156,7339
M92007,2020,07,WV30LS,536,2,1182,1194,192,842,51,0,137,12676
M92008,2020,07,WV38JN,1062,62,1822,1830,392,1508,92,0,391,21360
M92009,2020,07,WV111HT,1313,36,2049,2067,314,1433,145,1,377,23514
M92010,2020,07,WV69LL,963,49,1874,1891,357,1352,160,0,180,21872
M92011,2020,07,WV45PY,928,39,1486,1488,230,1131,115,0,248,16973
M92012,2020,07,WV23AN,641,20,1703,1715,412,1023,50,0,172,15066
M92013,2020,07,WV100BD,695,13,1288,1311,324,972,62,0,224,14426
M92014,2020,07,WV106AR,154,6,180,180,45,111,13,0,58,2419
M92015,2020,07,WV146PW,192,4,457,462,106,311,10,0,73,3562
M92016,2020,07,WV60PS,909,16,1653,1671,465,1275,68,0,244,20032
M92019,2020,07,WV108LY,889,18,878,902,187,827,96,0,284,13855
M92022,2020,07,WV112LH,456,15,554,562,97,395,39,0,134,6648
M92026,2020,07,WV112JN,493,10,450,453,100,417,54,0,97,6618
M92028,2020,07,WV11JP,517,10,718,722,197,625,23,0,166,9789
M92029,2020,07,WV60DE,644,19,875,880,174,731,62,2,203,10834
M92039,2020,07,WV108PJ,789,21,1273,1280,226,1031,37,1,306,12106
M92040,2020,07,WV12GZ,1120,20,1570,1589,419,1204,66,0,302,16726
M92041,2020,07,WV106UF,255,5,459,463,99,253,31,0,79,4788
M92042,2020,07,WV14PW,276,21,528,529,85,390,20,0,99,5208
M92043,2020,07,WV37LR,606,13,685,689,174,492,42,0,150,9669
M92044,2020,07,WV44PS,403,7,433,438,65,371,40,0,111,6382
M92607,2020,07,WV60QL,1132,42,2394,2443,789,2138,75,0,297,25804
M92609,2020,07,WV106QX,533,10,832,847,153,649,68,0,140,9460
M92612,2020,07,WV22AU,3401,86,5484,5532,1639,4755,309,0,1020,65765
M92627,2020,07,WV146PW,397,15,485,487,82,515,28,0,134,6671
M92629,2020,07,WV106RU,257,2,425,425,74,292,37,0,76,4464
M92630,2020,07,WV12LW,901,9,1188,1197,401,977,43,0,231,13046
M92640,2020,07,WV60DD,198,0,194,194,64,177,23,0,78,2796
M92649,2020,07,WV146PW,458,6,525,528,52,475,29,0,166,6502
M92654,2020,07,WV109SX,1001,5,1429,1456,350,1100,51,0,285,14880
N81001,2020,07,CW30AH,344,20,590,603,31,407,37,0,107,6827
N81002,2020,07,SK91PA,891,31,1518,1530,87,1197,75,0,315,14935
N81005,2020,07,WA60BW,843,20,1169,1179,175,853,45,4,250,13208
N81006,2020,07,CW69PE,563,14,865,878,122,673,51,0,225,9238
N81007,2020,07,WA14NE,1344,19,1828,1837,402,1296,162,0,355,18871
N81008,2020,07,ST72LU,1411,79,2216,2259,285,1542,111,0,320,22778
N81009,2020,07,CH35UJ,759,20,1041,1050,90,641,26,0,263,11102
N81010,2020,07,CW55NX,828,19,1448,1468,159,1249,30,0,329,12063
N81011,2020,07,WA86TR,1607,11,2597,2635,311,1686,89,0,512,25577
N81012,2020,07,WA51UD,1125,16,1072,1084,304,783,126,0,319,14165
N81013,2020,07,SK116JL,1328,37,1546,1555,169,1058,69,0,340,14915
N81014,2020,07,WA139DB,762,29,1185,1190,205,804,65,0,256,11534
N81016,2020,07,CW13AW,2882,50,3021,3054,524,2334,84,0,973,36430
N81018,2020,07,CW60BE,946,32,1770,1800,224,1348,72,0,299,17105
N81019,2020,07,WA72ST,2151,19,2212,2277,290,1706,129,5,657,28060
N81020,2020,07,WA52EY,1029,52,1795,1808,343,1317,68,0,322,18584
N81022,2020,07,SK105JH,3236,115,5238,5336,393,3855,197,0,1024,52542
N81024,2020,07,CW71AT,1662,35,2220,2236,320,1892,34,0,430,21451
N81025,2020,07,CW84AZ,1079,37,1480,1493,182,1164,99,0,289,14016
N81027,2020,07,CW121JP,2337,43,2650,2674,262,1945,203,0,604,27264
N81028,2020,07,WA46QA,829,13,932,933,240,675,70,0,233,11257
N81029,2020,07,SK116JL,1891,87,2522,2554,305,1921,119,0,632,25514
N81030,2020,07,WA66RX,1939,39,3598,3628,525,2584,96,0,630,33449
N81031,2020,07,CW60BE,328,9,425,430,54,366,29,0,111,6470
N81032,2020,07,CW111EQ,2407,62,2761,2783,294,1949,198,6,778,31382
N81033,2020,07,SK97EP,714,59,1100,1125,123,905,89,0,165,13145
N81034,2020,07,CH23DP,1082,25,1035,1043,154,843,59,0,361,14351
N81035,2020,07,WA86DZ,1335,14,1610,1622,165,1201,171,0,364,20827
N81036,2020,07,WA11UG,1003,27,822,831,221,685,98,0,273,11376
N81037,2020,07,WA88QS,1360,1,1127,1154,163,787,106,0,435,16893
N81038,2020,07,SY148PS,919,16,1628,1637,265,1273,49,0,295,14192
N81039,2020,07,CW109BE,1429,50,2231,2256,263,1482,62,0,404,21349
N81040,2020,07,CW71AT,934,12,1117,1120,156,773,45,0,280,11170
N81041,2020,07,WA13AW,1292,14,1125,1138,250,925,148,0,391,15036
N81043,2020,07,CW15QY,504,11,1236,1244,152,762,47,0,127,10011
N81044,2020,07,CW15HA,1105,30,1398,1407,193,1014,21,0,364,15394
N81045,2020,07,WA86TN,1856,4,2110,2147,341,1556,157,0,605,28457
N81046,2020,07,CH23RD,854,14,981,993,116,704,85,0,272,12481
N81047,2020,07,CW55NX,1693,43,2129,2150,229,1633,70,0,465,23817
N81048,2020,07,WA20HD,1639,18,1688,1712,383,1049,90,0,506,20289
N81049,2020,07,WA160LY,2546,121,4218,4253,348,3145,152,0,697,38675
N81050,2020,07,CH663SP,2857,40,3247,3289,474,2668,211,0,875,38301
N81051,2020,07,CW83EU,982,23,1492,1508,203,1171,34,0,242,13693
N81052,2020,07,CW121QG,1695,55,1564,1581,124,1225,121,1,442,19539
N81053,2020,07,CW13AW,2371,39,2826,2844,415,2123,123,0,625,30200
N81054,2020,07,WA72UT,1356,4,1178,1200,213,854,129,0,460,16338
N81055,2020,07,CW95EX,891,9,1850,1862,84,1124,30,0,298,13779
N81056,2020,07,WA50LU,1408,11,1290,1300,359,972,76,0,403,16084
N81057,2020,07,WA71AB,1625,19,1900,1913,280,1475,237,0,521,23655
N81059,2020,07,WA34DZ,1510,37,2201,2206,397,1487,110,0,443,21119
N81060,2020,07,CH644BN,1195,26,2050,2074,272,1395,65,0,392,20171
N81061,2020,07,CW95QU,1417,20,1926,1945,231,1295,10,0,426,16108
N81062,2020,07,SK116JL,2460,46,2786,2815,337,2179,153,1,811,29426
N81063,2020,07,CH650DB,1892,11,1509,1525,427,1227,47,0,592,21126
N81064,2020,07,WA87GD,1024,3,1596,1617,268,1301,65,0,319,15860
N81065,2020,07,WA41LJ,934,8,871,879,220,679,64,0,261,11356
N81066,2020,07,WA71AB,2109,12,2696,2718,331,1796,105,0,583,25830
N81067,2020,07,CW84LF,1248,21,2026,2033,198,1320,28,0,413,15572
N81068,2020,07,CW13HB,2104,28,2267,2292,375,1724,79,0,651,25549
N81069,2020,07,SK119BS,460,11,958,963,115,698,54,0,95,7987
N81070,2020,07,SK93HL,1346,37,1962,1977,305,1525,126,0,412,20397
N81071,2020,07,ST73BT,609,18,1286,1291,96,694,29,0,148,9620
N81072,2020,07,WA76ES,1115,8,1116,1139,202,839,79,0,416,13748
N81074,2020,07,CW71LY,944,9,915,924,153,636,34,0,179,10743
N81075,2020,07,WA46HJ,1364,77,2225,2251,461,1568,74,0,411,22585
N81077,2020,07,CW47BB,1610,60,2508,2531,301,1996,35,0,410,24070
N81079,2020,07,CH14DS,1114,18,915,927,110,867,63,0,384,14119
N81080,2020,07,CH14DS,870,7,854,867,108,703,84,0,266,10986
N81081,2020,07,CH14EN,795,17,682,689,70,585,81,0,300,10674
N81082,2020,07,CH12NR,1974,50,2360,2394,316,1982,130,0,742,27165
N81083,2020,07,WA28HE,665,3,789,794,186,575,60,0,209,8474
N81084,2020,07,CW25DA,1481,45,2461,2474,255,1618,88,0,396,24344
N81085,2020,07,SK116JL,1336,37,1881,1911,167,1328,65,0,360,17113
N81086,2020,07,SK95HX,933,12,1230,1254,139,975,45,0,269,12552
N81087,2020,07,CW95HR,3816,86,5882,5922,676,3408,103,0,1097,50361
N81088,2020,07,SK116JL,1769,58,1905,1926,216,1319,138,0,488,20769
N81089,2020,07,WA13RB,1346,32,1284,1290,263,1021,182,0,380,16684
N81090,2020,07,CW55NX,321,25,703,710,77,548,9,0,122,6552
N81092,2020,07,CH662WW,1435,47,1529,1547,278,1296,124,5,459,20046
N81093,2020,07,CH656TG,2303,27,2482,2516,402,2182,102,0,768,30842
N81096,2020,07,WA72UT,1217,9,1173,1178,176,821,73,0,442,14911
N81097,2020,07,WA27NG,358,6,473,475,98,331,47,0,139,5299
N81100,2020,07,CH21HD,579,7,609,614,69,465,27,0,180,8058
N81101,2020,07,CH47JS,575,8,565,567,68,407,22,1,132,6614
N81102,2020,07,CH14DS,361,14,288,291,64,229,6,0,112,4452
N81107,2020,07,WA13RB,434,11,374,374,85,224,23,0,87,4819
N81108,2020,07,WA130QE,763,28,1160,1165,199,840,106,0,221,12825
N81109,2020,07,WA20RX,795,8,954,960,197,590,61,0,197,10335
N81111,2020,07,ST72LU,692,47,889,896,111,705,37,0,190,10161
N81113,2020,07,CW97DB,1224,22,1651,1656,209,1228,37,0,343,14486
N81114,2020,07,WA37PJ,1392,13,1549,1557,347,1138,85,1,439,17496
N81115,2020,07,CH48HX,1006,15,765,771,128,649,70,0,320,10857
N81117,2020,07,CH659AD,1082,7,956,975,178,778,90,0,234,13315
N81118,2020,07,CW121DY,1092,27,1481,1502,151,1026,54,0,263,14376
N81119,2020,07,WA84NJ,958,4,819,827,162,660,105,0,268,10738
N81120,2020,07,CW60QG,554,13,841,856,129,692,39,0,150,8596
N81121,2020,07,CH14DS,640,16,649,652,104,548,29,0,222,9067
N81122,2020,07,WA58UF,1197,22,1429,1435,312,963,88,2,371,16279
N81123,2020,07,CW73GY,1130,7,998,1002,146,763,11,0,335,11127
N81125,2020,07,CH643RA,737,26,1226,1245,124,1029,71,0,242,13843
N81127,2020,07,CW71AT,1490,32,1673,1685,129,1189,116,0,353,19899
N81607,2020,07,CH652ER,601,5,407,411,72,326,11,0,210,5942
N81614,2020,07,CW58EW,623,12,986,997,121,662,28,0,129,8505
N81619,2020,07,WA87GD,562,0,428,432,72,353,42,0,175,6188
N81623,2020,07,WA44NE,656,14,1013,1024,125,684,50,0,200,8944
N81624,2020,07,CH39RE,629,13,1028,1044,73,781,78,0,227,10627
N81626,2020,07,CH15PA,691,5,595,606,93,483,5,0,180,7364
N81628,2020,07,WA27NJ,1432,10,994,997,371,812,81,5,356,14152
N81632,2020,07,SK116JL,751,15,929,934,71,648,21,0,186,9002
N81637,2020,07,WA12QQ,412,2,288,290,89,190,10,0,116,3750
N81642,2020,07,CW109BH,645,18,846,854,114,589,20,0,214,8170
N81645,2020,07,WA28HE,268,2,389,389,118,377,9,0,110,4086
N81651,2020,07,WA87NU,404,5,506,508,69,310,22,0,139,4865
N81655,2020,07,CH13EQ,481,0,65,65,13,54,170,0,83,2455
N82001,2020,07,L246TH,1113,15,1391,1395,267,974,72,5,323,14465
N82002,2020,07,L144ED,675,4,819,840,192,706,52,0,183,10193
N82003,2020,07,L140NL,670,16,727,728,145,691,42,0,135,9129
N82004,2020,07,L192LW,362,3,492,493,133,330,52,0,90,5477
N82009,2020,07,L199BP,942,18,1165,1184,152,757,72,0,284,13683
N82011,2020,07,L64EW,2306,47,1828,1839,474,1317,163,0,542,25275
N82014,2020,07,L156TS,790,23,1159,1164,224,840,45,2,206,11452
N82018,2020,07,L112YA,2073,23,1724,1733,358,1188,191,51,658,24322
N82019,2020,07,L111AD,938,9,930,943,263,794,32,0,193,12358
N82022,2020,07,L72AB,1310,16,1241,1252,345,1194,70,0,339,17717
N82024,2020,07,L128TQ,1580,20,2048,2064,405,1469,136,21,439,23492
N82026,2020,07,L159EH,600,6,912,917,143,497,46,0,172,8305
N82033,2020,07,L86QP,992,15,1082,1087,169,998,54,21,171,12776
N82034,2020,07,L192LW,1199,12,1227,1230,210,977,114,3,313,15204
N82035,2020,07,L194UG,1345,51,1755,1769,250,1099,74,19,374,17127
N82036,2020,07,L277AF,702,14,806,811,165,612,59,6,177,9596
N82037,2020,07,L97AL,1791,24,1944,1951,380,1432,139,43,471,24117
N82039,2020,07,L187JY,382,24,771,772,130,480,26,0,120,6471
N82041,2020,07,L156UT,1561,36,2086,2099,376,1416,91,0,488,23012
N82046,2020,07,L152LQ,1211,15,1195,1199,358,910,89,0,400,14958
N82048,2020,07,L91AD,1499,23,1636,1641,359,1224,110,0,453,18328
N82049,2020,07,L43TT,1197,13,1270,1277,286,943,164,0,304,14730
N82050,2020,07,L252PA,430,7,564,564,98,332,36,0,115,5130
N82052,2020,07,L60BB,879,14,938,943,213,662,65,0,203,11408
N82053,2020,07,L98AL,2609,80,2929,2952,590,2275,240,16,836,36713
N82054,2020,07,L77HG,804,8,802,807,267,644,49,0,232,11045
N82058,2020,07,L132GA,892,15,681,683,190,568,83,0,244,9950
N82059,2020,07,L171AW,450,9,723,724,104,372,16,0,199,5650
N82062,2020,07,L175AR,729,17,852,860,160,728,66,0,174,10665
N82065,2020,07,L76HD,719,12,688,697,233,696,131,37,161,10607
N82066,2020,07,L255JA,704,20,1249,1262,253,892,53,0,150,13346
N82067,2020,07,L63BY,568,2,579,585,159,475,61,0,133,7515
N82070,2020,07,L83SS,1444,15,1331,1338,303,1149,150,30,401,17140
N82073,2020,07,L170BY,612,20,957,963,150,688,27,1,264,9621
N82074,2020,07,L132GA,1442,30,1577,1591,412,1309,117,24,411,20296
N82076,2020,07,L80SY,1269,1,777,779,264,614,87,73,271,13316
N82077,2020,07,L44PP,408,6,498,499,118,378,20,28,96,5528
N82078,2020,07,L44PP,658,8,648,652,157,509,70,50,179,9054
N82079,2020,07,L181HG,457,7,529,532,96,355,52,0,146,5938
N82081,2020,07,L62EH,898,6,836,841,184,702,82,0,259,10823
N82082,2020,07,L15DZ,678,3,962,964,288,711,96,0,168,11301
N82083,2020,07,L114UG,1621,22,1192,1201,305,982,55,0,481,17176
N82084,2020,07,L253PA,1033,25,1357,1360,255,989,72,0,303,15424
N82086,2020,07,L48SJ,703,5,703,710,173,543,150,0,163,9889
N82087,2020,07,L110AG,319,6,428,430,118,396,11,0,74,4973
N82089,2020,07,L76HD,369,2,341,341,85,233,50,0,112,4657
N82090,2020,07,L137DY,1339,19,1104,1105,262,828,99,30,347,15567
N82091,2020,07,L86QP,290,5,306,307,63,242,33,4,83,3815
N82092,2020,07,L251RY,1026,16,1669,1681,310,1281,45,0,363,16255
N82093,2020,07,L133DN,462,15,587,589,128,435,61,0,144,6605
N82094,2020,07,L252XE,1192,25,1402,1411,292,1046,79,15,315,16853
N82095,2020,07,L62EH,777,14,919,925,235,710,8,0,198,10121
N82097,2020,07,L91AD,1580,6,1516,1523,296,1153,95,32,512,17117
N82099,2020,07,L50QW,1838,19,1093,1106,311,1009,208,1,427,18593
N82101,2020,07,L44QJ,426,4,815,826,143,450,50,0,65,7511
N82103,2020,07,L60BB,1480,11,1033,1042,273,920,5,0,427,14630
N82104,2020,07,L136QD,760,7,715,719,163,416,49,0,250,8200
N82106,2020,07,L256HE,308,14,529,531,95,366,22,0,81,5747
N82107,2020,07,L182DU,142,2,347,349,84,268,15,0,34,2746
N82108,2020,07,L180HJ,557,21,716,721,111,417,31,0,200,7926
N82109,2020,07,L242SF,620,5,829,830,216,578,21,0,213,8276
N82110,2020,07,L96DQ,1526,21,1303,1312,349,1050,80,84,528,19030
N82113,2020,07,L63BY,665,7,722,727,217,487,68,0,199,9138
N82115,2020,07,L58XR,1816,14,1355,1362,297,893,84,101,390,19431
N82116,2020,07,L250ND,551,7,805,812,182,564,59,11,185,8707
N82117,2020,07,L693GD,4030,14,1365,1372,414,1264,194,418,1152,30787
N82617,2020,07,L32BG,503,1,341,341,73,268,25,0,165,4829
N82633,2020,07,L142DE,414,7,521,523,115,400,51,0,87,6342
N82641,2020,07,L174JP,1153,10,948,955,210,717,97,24,306,12161
N82645,2020,07,L72PF,693,6,605,609,146,457,47,0,181,7954
N82646,2020,07,L76HD,1286,18,1116,1121,322,885,179,45,332,15534
N82648,2020,07,L90HJ,182,1,281,282,69,207,19,0,35,2619
N82650,2020,07,L242SF,499,6,563,573,111,442,26,0,157,6505
N82651,2020,07,L52QA,740,14,833,835,190,635,145,0,201,10613
N82655,2020,07,L110BL,359,26,361,370,167,317,28,27,90,6169
N82662,2020,07,L76HD,1141,13,1114,1127,349,808,86,17,244,16372
N82663,2020,07,L125LT,538,14,647,648,122,472,74,0,141,7369
N82664,2020,07,L161JD,264,4,437,438,72,292,11,2,61,3818
N82668,2020,07,L46TW,389,2,427,437,96,349,58,0,130,4962
N82669,2020,07,L50QW,839,6,682,687,141,469,112,140,197,9370
N82670,2020,07,L67UN,741,1,485,485,112,317,67,25,171,7116
N82671,2020,07,L66DW,379,2,368,377,118,337,46,2,80,5613
N82676,2020,07,L120JE,485,13,558,559,137,409,81,0,95,6524
N82678,2020,07,L96AP,599,5,384,385,100,351,47,0,182,5942
N83001,2020,07,WA93PN,2069,31,2072,2088,273,1542,223,0,616,25666
N83002,2020,07,WA129NA,1939,45,2264,2295,313,1937,117,0,448,24550
N83003,2020,07,WA102DJ,1179,35,1068,1075,195,764,65,0,335,14243
N83005,2020,07,WA129ED,1100,25,1666,1685,218,1050,93,0,335,17488
N83006,2020,07,WA102JP,621,5,477,492,54,351,50,0,143,7273
N83007,2020,07,WA102HT,417,9,592,600,104,445,17,0,110,5614
N83008,2020,07,WA93RP,1748,26,1633,1642,239,1230,143,0,546,20491
N83009,2020,07,L336YJ,2398,46,2409,2428,363,2108,104,0,690,30725
N83010,2020,07,L354LP,823,51,1407,1417,77,937,54,0,219,13417
N83012,2020,07,WA102BD,2064,36,2346,2363,221,1428,210,0,710,25335
N83013,2020,07,L269UH,628,1,849,851,99,556,49,0,175,9236
N83014,2020,07,L362NW,1829,19,1876,1887,289,1686,183,0,585,24247
N83015,2020,07,L367XY,734,12,825,835,108,560,80,0,213,10016
N83017,2020,07,WA101DW,631,18,774,777,131,523,117,0,188,9038
N83018,2020,07,L281ST,1369,12,1556,1561,237,1191,131,0,422,19745
N83019,2020,07,WN57LY,1241,44,2380,2397,196,1696,139,0,439,22274
N83020,2020,07,WA110NA,2538,57,3119,3189,403,2486,145,0,692,35757
N83021,2020,07,WA94QB,1670,29,1418,1432,209,967,314,0,586,19822
N83023,2020,07,WA91LN,1132,26,1347,1363,204,1061,69,0,284,15189
N83024,2020,07,L341ND,1209,9,1657,1682,138,1321,93,0,450,19332
N83025,2020,07,L363TN,1541,8,1807,1815,299,1276,102,0,397,18994
N83026,2020,07,WA102DJ,339,10,408,409,64,372,79,0,84,5462
N83027,2020,07,WA102DJ,1094,21,1246,1256,124,896,67,0,335,14528
N83028,2020,07,L360UB,3688,42,4704,4746,547,3337,387,0,966,52087
N83030,2020,07,L140JE,680,7,1138,1148,91,837,75,2,204,11230
N83031,2020,07,L269UH,319,5,393,393,67,320,9,0,94,4522
N83032,2020,07,L329PF,1983,33,2012,2030,258,1578,143,0,668,24147
N83033,2020,07,L329QU,987,19,1137,1153,209,889,24,0,224,13559
N83035,2020,07,WA103EB,1281,34,1102,1113,130,781,150,0,397,14623
N83041,2020,07,WA118AZ,541,29,885,894,53,572,22,0,211,8204
N83043,2020,07,L366EB,610,8,730,739,147,625,19,0,200,7207
N83045,2020,07,WA120JJ,694,18,634,640,101,468,101,0,222,8096
N83047,2020,07,L360UB,533,2,745,750,64,697,36,0,172,8511
N83049,2020,07,WA118HJ,456,17,647,654,47,398,46,0,179,7005
N83050,2020,07,WA95PR,536,21,595,599,94,558,58,0,181,7421
N83053,2020,07,L354LL,571,12,726,739,85,519,66,0,188,8250
N83054,2020,07,WA104GW,608,10,679,688,86,476,58,0,199,8051
N83055,2020,07,L328RE,895,15,832,840,98,737,112,0,204,11774
N83060,2020,07,WA91LN,728,13,1013,1018,158,718,101,0,214,10807
N83601,2020,07,L328RE,975,6,833,840,118,691,43,0,256,11371
N83603,2020,07,L341ND,1236,16,1412,1426,118,961,63,0,279,14884
N83604,2020,07,WA91LN,652,15,448,450,57,309,146,0,183,6845
N83605,2020,07,L260TH,541,3,766,770,63,544,44,0,144,8900
N83608,2020,07,L331XT,1450,31,1633,1635,249,1152,58,6,464,19551
N83609,2020,07,L353SX,633,8,926,947,111,721,70,0,198,9609
N83610,2020,07,L367XY,409,4,453,458,77,372,57,0,114,6092
N83614,2020,07,WA105RG,434,15,596,600,91,366,42,0,128,6198
N83619,2020,07,L364NP,162,0,412,420,49,298,12,0,49,3592
N83620,2020,07,WA101PN,702,12,666,678,97,442,59,0,185,8143
N83621,2020,07,L367XY,490,5,643,650,81,483,20,0,97,7000
N83622,2020,07,L367XY,489,0,537,542,56,393,8,0,113,5011
N83624,2020,07,WA110DN,345,2,603,624,114,476,11,0,99,6139
N83628,2020,07,WA128RB,583,11,594,601,126,448,64,0,160,7195
N83633,2020,07,L366GA,488,11,803,814,79,561,95,0,148,7786
N83635,2020,07,L354LL,379,15,399,413,40,303,36,0,102,5145
N83637,2020,07,WA102DJ,605,6,641,647,98,482,101,0,101,8315
N84001,2020,07,L224RQ,1070,20,1626,1636,266,979,120,0,310,16075
N84002,2020,07,L209DL,457,6,537,540,115,367,28,0,123,6002
N84003,2020,07,L312HW,1182,38,1746,1764,240,1195,77,0,476,19654
N84004,2020,07,L305TA,1382,29,1362,1370,306,861,94,0,499,15843
N84005,2020,07,PR86PG,1775,37,1743,1758,332,1312,119,1,507,20990
N84006,2020,07,L374DL,877,31,1781,1802,293,1564,66,0,314,17589
N84007,2020,07,L235TE,796,21,1084,1088,177,869,130,0,240,12004
N84008,2020,07,PR97EG,1166,26,1466,1478,187,896,46,0,279,16200
N84010,2020,07,L310DJ,466,11,768,773,141,523,31,0,186,7409
N84011,2020,07,L224QD,850,20,1273,1281,226,882,67,1,264,13096
N84012,2020,07,PR83HW,1434,20,2005,2029,378,1672,128,1,428,22927
N84013,2020,07,PR86PL,852,32,1107,1116,228,789,51,0,168,12241
N84014,2020,07,PR83LB,468,4,739,744,173,520,25,0,192,7235
N84015,2020,07,L203EW,1306,31,1284,1295,254,880,72,2,350,15603
N84016,2020,07,L204SE,1186,12,1182,1196,264,865,96,0,373,14506
N84017,2020,07,PR97LT,1714,76,3028,3046,439,1826,154,0,590,28228
N84018,2020,07,L374AW,914,32,1638,1651,261,1289,140,0,302,18655
N84019,2020,07,L205DQ,1331,29,1279,1287,316,1101,136,0,364,16419
N84020,2020,07,L236TZ,1081,37,2069,2077,281,1375,70,0,331,18715
N84021,2020,07,PR90TZ,3005,78,3401,3426,788,2570,120,2,898,39379
N84023,2020,07,L216PH,1274,18,1243,1249,292,847,158,0,405,15768
N84024,2020,07,PR82AD,1220,66,2299,2306,339,1545,124,0,358,23014
N84025,2020,07,L310DJ,939,30,1786,1794,300,1355,47,0,331,17837
N84026,2020,07,L232TE,316,3,552,553,85,371,19,0,91,5193
N84027,2020,07,L98BU,759,6,618,621,161,456,55,0,173,8085
N84028,2020,07,L205BW,1754,18,1294,1301,297,1104,173,3,494,18077
N84029,2020,07,L210DF,874,27,1045,1058,217,797,22,0,246,12013
N84034,2020,07,L203DF,1046,21,1131,1132,271,853,62,0,342,13707
N84035,2020,07,L219HA,634,26,1190,1192,150,838,16,0,196,10058
N84037,2020,07,PR84PR,343,16,503,508,77,401,38,0,87,5491
N84038,2020,07,L203BG,1379,15,1035,1045,280,876,88,0,389,14589
N84041,2020,07,L224RQ,557,13,807,820,129,453,36,0,113,7915
N84043,2020,07,L213TA,431,4,298,299,73,179,7,0,142,3787
N84605,2020,07,L219JN,498,4,485,491,131,320,41,0,165,5667
N84611,2020,07,PR97PN,664,17,764,772,170,541,18,0,194,8746
N84613,2020,07,PR99XP,583,11,935,942,170,573,39,0,185,8833
N84614,2020,07,PR99XL,469,11,588,595,105,421,30,0,123,6378
N84615,2020,07,L211HP,692,24,515,515,114,473,64,0,124,7696
N84617,2020,07,PR86RG,591,6,665,671,133,451,25,0,275,6884
N84618,2020,07,L374AF,535,9,971,975,153,768,51,0,149,9202
N84621,2020,07,L231TQ,463,29,577,584,103,460,22,0,110,6546
N84624,2020,07,L310DJ,144,9,254,256,34,160,14,0,47,2443
N84625,2020,07,PR84DB,507,10,553,559,131,430,19,0,147,6767
N84626,2020,07,L383RY,252,12,529,538,83,384,19,0,68,4363
N84627,2020,07,L230QW,287,8,573,578,76,392,13,0,71,4445
N84630,2020,07,L305SP,406,10,358,364,100,263,12,0,103,4339
N85002,2020,07,CH484HZ,1757,59,2057,2077,196,1936,191,0,533,30429
N85003,2020,07,CH626EE,625,22,632,640,45,607,38,0,236,8127
N85005,2020,07,CH626EE,1494,27,1737,1769,145,1797,40,0,447,22858
N85006,2020,07,CH637RX,1098,46,1148,1161,88,1148,75,0,375,17513
N85007,2020,07,CH607SG,1538,50,2103,2136,159,2080,120,0,500,28184
N85008,2020,07,CH495PL,1853,62,2402,2459,263,2519,153,0,488,32155
N85009,2020,07,CH497LP,973,7,884,890,111,966,79,0,313,12011
N85012,2020,07,CH455LN,1727,23,1495,1517,179,1246,120,0,522,21064
N85013,2020,07,CH490TF,861,26,879,892,93,943,75,2,246,14521
N85014,2020,07,CH439JW,658,14,643,648,69,580,54,0,217,8667
N85015,2020,07,CH435RE,1178,13,650,656,65,656,58,1,367,12313
N85016,2020,07,CH422AG,1233,12,792,812,110,721,136,0,310,15593
N85017,2020,07,CH418DB,970,4,764,774,82,719,121,0,251,12302
N85018,2020,07,CH433DB,891,16,804,818,74,693,40,0,221,11820
N85019,2020,07,CH412TF,1539,8,896,908,136,946,135,0,538,16951
N85020,2020,07,CH420LQ,2703,35,1809,1839,207,1801,134,0,812,28590
N85021,2020,07,CH416AJ,697,1,404,409,66,404,149,0,172,7176
N85022,2020,07,CH430TX,363,3,429,433,53,463,10,0,140,5515
N85023,2020,07,CH454JG,960,17,650,663,57,679,47,0,279,11386
N85024,2020,07,CH444AA,1562,12,1076,1099,63,1064,82,4,406,18736
N85025,2020,07,CH453NA,763,14,781,789,87,600,60,0,231,10273
N85027,2020,07,CH445UF,1852,9,1330,1350,125,1268,70,0,550,19928
N85028,2020,07,CH468SA,1008,4,773,785,89,803,68,0,294,12816
N85031,2020,07,CH423TD,732,6,619,631,46,709,28,0,159,8682
N85032,2020,07,CH493AT,672,17,894,903,86,826,31,0,199,11828
N85037,2020,07,CH499DA,941,17,664,672,67,572,160,0,214,10480
N85038,2020,07,CH413RH,1194,3,518,525,89,664,143,0,277,12873
N85040,2020,07,CH467XA,807,19,895,903,97,779,111,15,194,11419
N85044,2020,07,CH410DD,2655,93,2028,2047,236,1776,174,4,751,31482
N85046,2020,07,CH466DE,577,8,580,585,65,535,66,0,192,8284
N85047,2020,07,CH627EU,633,14,596,619,53,661,31,0,228,9173
N85048,2020,07,CH460PE,695,5,691,699,73,550,48,0,231,9843
N85051,2020,07,CH625HS,2287,27,1911,1927,272,1820,193,6,696,28788
N85052,2020,07,CH453HF,380,12,399,403,27,375,15,4,116,6380
N85054,2020,07,CH632LR,618,13,629,634,40,536,47,0,180,8797
N85057,2020,07,CH632JN,204,2,338,338,29,324,2,0,54,3651
N85059,2020,07,CH478XA,758,9,913,922,72,846,87,0,253,11591
N85616,2020,07,CH445UF,685,8,560,566,68,447,49,0,178,8766
N85617,2020,07,CH639JP,451,8,581,590,28,495,28,1,156,7235
N85620,2020,07,CH453HE,656,17,786,805,101,754,17,0,225,10939
N85625,2020,07,CH418DB,2665,27,1900,1935,249,1924,221,0,834,32177
N85629,2020,07,CH448AT,889,5,464,467,91,549,56,0,239,9416
N85633,2020,07,CH632LR,418,10,444,449,21,427,16,0,160,5699
N85634,2020,07,CH413RH,221,2,236,239,37,208,17,0,53,3347
N85640,2020,07,CH462QQ,652,8,347,349,43,387,106,0,232,6832
N85643,2020,07,CH430TS,725,6,689,701,76,585,112,0,171,9303
N85648,2020,07,CH461SG,487,6,336,339,44,327,58,0,105,5976
P81002,2020,07,LA11PN,6027,86,6171,6203,1157,5019,357,0,1663,76273
P81003,2020,07,BB48HH,1146,35,1809,1822,363,1403,33,0,290,17783
P81004,2020,07,FY13JG,698,4,780,788,174,561,24,0,115,8042
P81005,2020,07,BB16PH,871,28,1405,1426,371,913,102,0,230,16172
P81006,2020,07,PR31PB,2687,110,4679,4706,737,3532,120,0,647,45359
P81008,2020,07,BB113BT,1093,17,1175,1182,224,969,18,0,238,12931
P81010,2020,07,PR68UA,515,25,718,736,131,479,29,0,114,7345
P81013,2020,07,LA11RP,1551,20,1496,1514,358,1112,66,0,405,20144
P81014,2020,07,L392BY,962,50,1244,1254,134,894,70,0,207,15269
P81015,2020,07,PR28JB,1053,75,1422,1431,172,1042,53,0,298,15788
P81016,2020,07,FY43AD,3223,54,2430,2462,414,2074,115,0,775,31925
P81017,2020,07,BB79SL,1256,28,3022,3051,403,1929,95,0,363,22227
P81018,2020,07,PR10AD,1079,21,1611,1633,236,1112,63,1,250,15148
P81020,2020,07,BB112DL,3323,74,4155,4189,932,3554,84,0,869,44391
P81022,2020,07,BB22SU,1486,32,1876,1898,371,1333,205,2,332,21231
P81025,2020,07,BB80JZ,2020,54,2076,2100,420,1843,116,0,510,24640
P81027,2020,07,OL139NR,2216,34,2490,2536,484,1919,48,0,667,26405
P81029,2020,07,LA59JU,3393,123,5775,5817,687,4100,154,0,683,55851
P81031,2020,07,FY82EP,1545,73,1921,1942,228,1508,57,0,429,19933
P81032,2020,07,BB97SR,1432,39,1743,1755,417,1501,39,0,337,20336
P81033,2020,07,PR75EN,1301,39,1982,2019,240,1361,56,0,331,18204
P81035,2020,07,BB101LS,626,5,1056,1068,439,857,24,0,134,11174
P81036,2020,07,BB52EJ,2788,66,3674,3700,698,2772,71,1,720,35918
P81037,2020,07,FY84GW,1189,36,2400,2414,238,1604,47,0,305,20389
P81038,2020,07,PR72EJ,1131,42,1462,1489,174,949,46,0,304,13953
P81039,2020,07,WN86DS,699,6,605,618,146,532,9,3,123,7581
P81040,2020,07,PR45HA,1090,39,1624,1643,196,1162,79,0,296,17171
P81041,2020,07,L394QR,977,50,1333,1342,207,1042,86,0,297,15014
P81042,2020,07,FY14LN,2191,40,2208,2238,415,1765,21,0,588,25936
P81043,2020,07,FY14NF,1078,18,1429,1444,222,850,0,0,228,13094
P81044,2020,07,PR72AD,2608,61,2688,2746,192,1972,71,0,769,29969
P81045,2020,07,L392BY,524,36,690,694,163,490,16,0,97,8270
P81046,2020,07,PR13NA,928,22,833,840,249,775,54,0,224,10492
P81047,2020,07,BB111PS,1975,43,2219,2240,478,1644,50,1,602,25474
P81051,2020,07,BB31PY,2148,38,2364,2381,475,1615,132,0,649,25264
P81053,2020,07,BB102EZ,791,17,1140,1148,253,905,15,0,260,11720
P81054,2020,07,FY39ES,1266,17,1619,1636,223,1152,51,6,255,17907
P81055,2020,07,PR33JJ,1172,49,1329,1340,218,932,89,0,331,15945
P81057,2020,07,PR251HR,1622,57,1795,1836,242,1416,93,0,477,21045
P81058,2020,07,BB23HS,1128,32,1305,1316,383,1104,109,0,255,17480
P81059,2020,07,PR30ZA,1220,92,2244,2261,379,1647,46,0,330,20658
P81061,2020,07,BB21UW,720,10,1072,1081,234,778,29,0,136,10345
P81062,2020,07,PR72DH,1192,23,1169,1182,191,967,24,0,375,13744
P81063,2020,07,FY12HH,2577,54,2380,2399,366,1885,118,0,584,28259
P81065,2020,07,BB186QT,1771,50,2312,2338,467,1571,68,0,400,23976
P81066,2020,07,FY37EN,1373,23,1705,1724,316,1235,39,0,456,17351
P81067,2020,07,PR15AF,1673,80,2351,2363,324,1960,79,0,495,24204
P81069,2020,07,BB72JG,1487,49,2325,2346,298,1570,57,13,351,21360
P81070,2020,07,BB95RZ,837,34,1460,1466,361,1109,47,0,146,14773
P81071,2020,07,PR15NE,582,11,696,704,203,630,3,0,157,7940
P81072,2020,07,FY20JG,2887,96,3462,3476,554,2739,25,0,644,35330
P81073,2020,07,FY53LF,1676,86,2328,2344,265,1902,55,0,474,25068
P81074,2020,07,FY41TJ,2471,46,3030,3068,448,2554,65,0,597,33644
P81076,2020,07,PR252EB,1261,42,1508,1532,148,1104,20,1,372,16022
P81077,2020,07,FY85DZ,1507,49,2922,2945,276,2337,71,0,367,26435
P81078,2020,07,BB185BG,1024,31,1554,1572,293,1111,54,0,272,16681
P81079,2020,07,FY52TZ,1936,57,2925,2948,324,1949,37,0,568,26148
P81081,2020,07,FY42EF,843,24,1051,1060,170,840,44,0,227,11704
P81082,2020,07,PR56JD,1269,47,2021,2054,249,1571,28,0,356,18697
P81083,2020,07,PR56PE,937,38,1324,1334,221,948,18,0,310,13317
P81084,2020,07,WN80AB,810,22,1263,1277,157,825,20,1,252,11421
P81086,2020,07,FY78GU,1907,52,2349,2369,235,1804,118,0,587,24438
P81087,2020,07,FY60FA,1882,99,3054,3093,548,2350,128,0,529,30496
P81088,2020,07,OL128QS,922,29,1249,1273,246,976,5,0,255,12068
P81089,2020,07,FY76HP,2534,47,2835,2854,277,2044,69,0,671,30042
P81092,2020,07,FY53LF,1460,40,2531,2542,204,1909,42,0,413,22952
P81093,2020,07,PR15NE,133,6,229,232,45,145,0,0,22,1851
P81095,2020,07,BB103BF,950,41,1326,1340,301,1047,34,0,248,13989
P81096,2020,07,WN87DN,615,26,948,957,87,703,13,0,180,10193
P81099,2020,07,BB45SL,1601,60,1532,1561,311,1109,82,0,461,19244
P81100,2020,07,BB72JG,2067,65,3424,3465,600,2887,81,0,559,31486
P81103,2020,07,PR29TH,1376,21,1547,1572,216,1119,32,0,375,16480
P81107,2020,07,PR33AP,658,21,801,817,114,675,36,0,183,9101
P81112,2020,07,WN88LA,2495,70,3196,3228,489,2360,139,0,709,33217
P81113,2020,07,LA77PS,681,31,1089,1097,183,930,23,0,127,10612
P81115,2020,07,FY16JW,3460,37,3208,3245,549,2591,168,0,588,37742
P81117,2020,07,PR252TD,552,19,692,698,145,596,20,0,193,7876
P81118,2020,07,BB47PL,1210,37,1499,1517,390,1043,57,0,397,16236
P81119,2020,07,PR22JJ,1070,22,1025,1037,172,702,31,0,315,11485
P81123,2020,07,BB97SR,1259,16,2017,2032,716,1654,12,0,289,20223
P81125,2020,07,BB21AX,1292,26,1677,1692,353,1111,98,0,320,17244
P81127,2020,07,PR71HR,463,8,511,519,78,395,20,0,130,5703
P81128,2020,07,PR42DL,1220,25,1744,1754,233,1298,81,0,337,18454
P81129,2020,07,PR42SE,1317,22,2239,2249,251,1488,31,0,393,20846
P81130,2020,07,BB128BP,1724,45,2456,2464,415,1731,40,0,376,23235
P81132,2020,07,BB47DN,1334,19,1453,1464,269,1128,23,0,323,14933
P81133,2020,07,FY52TZ,1385,67,2247,2259,200,1352,31,0,318,21390
P81136,2020,07,WN88LA,231,11,486,505,102,384,4,0,103,4319
P81137,2020,07,BB113HR,1097,18,1019,1030,229,852,54,0,236,12654
P81138,2020,07,L404LA,195,10,517,523,55,465,17,0,26,4876
P81140,2020,07,BB31PY,2302,44,3206,3310,546,2151,284,0,484,32004
P81143,2020,07,PR67PS,1252,60,1556,1602,128,1261,75,0,381,16569
P81147,2020,07,BB50AL,605,11,736,740,265,521,43,0,121,9050
P81149,2020,07,FY67PU,1032,81,1258,1283,116,810,96,0,190,15296
P81150,2020,07,FY82EP,1954,69,2804,2836,252,2091,100,0,401,28162
P81154,2020,07,PR69PY,982,23,1586,1633,221,968,22,1,336,14244
P81155,2020,07,BB19BA,459,11,798,809,159,545,12,0,149,6701
P81157,2020,07,FY85DZ,1090,38,1955,1969,198,1204,42,0,317,17206
P81159,2020,07,FY41TJ,2157,70,3043,3066,364,2384,104,0,578,32563
P81160,2020,07,BB53JB,2002,35,2387,2421,629,1929,58,0,532,27466
P81165,2020,07,BB120HL,351,5,426,431,97,320,9,0,97,4299
P81166,2020,07,BB54LF,336,10,457,457,118,370,25,0,26,5073
P81167,2020,07,BB11XA,435,10,865,877,321,696,79,0,166,10113
P81169,2020,07,PR18DN,903,20,777,791,126,711,27,0,275,9817
P81170,2020,07,BB97SR,473,5,784,789,434,664,18,0,86,9675
P81171,2020,07,PR76AH,359,7,564,582,53,417,17,0,116,5662
P81172,2020,07,FY38NX,1761,18,1479,1488,239,1316,27,0,532,19846
P81179,2020,07,PR55AB,575,11,596,602,62,470,34,0,151,7165
P81180,2020,07,PR58ES,570,12,549,568,97,436,22,0,155,6902
P81181,2020,07,PR19BX,620,23,939,953,145,908,32,0,194,8365
P81182,2020,07,BB51RT,517,11,821,830,323,757,17,0,124,9204
P81184,2020,07,PR26RD,1419,32,1233,1250,307,953,11,0,342,14805
P81185,2020,07,PR54AY,1686,96,2384,2418,352,1763,39,4,360,22971
P81186,2020,07,PR267XL,621,20,660,663,66,466,38,0,216,6893
P81191,2020,07,FY67ST,1274,96,1862,1881,177,1275,70,0,277,19191
P81196,2020,07,PR16YA,3583,126,4511,4547,1021,3606,192,0,869,54659
P81197,2020,07,BB126HY,752,14,774,782,169,710,61,1,173,8292
P81201,2020,07,WN86QS,717,4,758,766,56,535,24,0,163,7713
P81204,2020,07,BB24HY,138,10,307,310,98,219,18,0,16,2925
P81208,2020,07,WN89BW,2165,37,2869,2920,336,2272,57,0,537,29209
P81212,2020,07,BB45SL,570,20,966,980,211,674,40,0,160,8811
P81213,2020,07,PR10SR,1216,20,1203,1211,161,772,70,0,432,13581
P81214,2020,07,BB26PL,343,7,540,550,160,368,16,0,62,5728
P81218,2020,07,BB55HU,1207,42,1114,1128,216,749,101,0,266,13639
P81620,2020,07,BB73EP,104,3,258,261,33,188,4,0,41,1773
P81622,2020,07,BB16DY,753,10,1241,1255,775,1053,83,0,140,14779
P81633,2020,07,BB31BZ,354,4,494,507,74,415,10,0,143,4602
P81646,2020,07,L404LA,619,26,803,807,125,607,32,0,176,8664
P81647,2020,07,PR16LL,278,8,600,603,251,486,17,0,66,5652
P81655,2020,07,PR269HJ,713,30,1127,1140,96,701,65,4,224,11075
P81664,2020,07,PR21JR,2047,67,2443,2472,627,2141,37,0,513,26434
P81668,2020,07,FY78GU,988,15,1369,1383,211,1012,13,0,275,11168
P81674,2020,07,L404LA,647,22,848,856,179,682,35,0,189,9094
P81681,2020,07,FY20JG,2261,87,3245,3268,430,2187,46,1,681,31443
P81683,2020,07,BB17EP,371,3,775,788,437,718,24,0,81,8934
P81685,2020,07,PR16LL,251,11,449,450,191,443,36,0,47,5138
P81686,2020,07,BB45SL,271,5,526,528,95,312,8,0,44,4363
P81687,2020,07,PR44LU,326,22,456,464,44,378,14,0,107,4411
P81692,2020,07,PR45AB,237,4,427,434,50,312,9,0,57,3336
P81694,2020,07,BB21AX,501,3,433,436,137,331,39,0,103,5079
P81695,2020,07,L396SE,601,28,1012,1028,98,715,46,0,173,9618
P81699,2020,07,BB53BP,342,7,359,369,67,255,12,2,50,4054
P81701,2020,07,PR67EH,430,19,477,500,90,362,26,0,115,5125
P81704,2020,07,BB19SR,1099,21,1397,1417,497,1238,99,5,201,16681
P81707,2020,07,BB11LX,415,6,843,847,332,534,84,0,69,8206
P81709,2020,07,BB23UY,954,7,525,534,162,477,95,0,259,8894
P81710,2020,07,PR46UJ,938,24,1681,1691,229,989,17,1,209,16296
P81711,2020,07,BB54LF,265,4,347,349,82,301,24,0,28,4321
P81714,2020,07,FY45AU,1211,11,1310,1325,153,995,28,0,352,14736
P81721,2020,07,BB31ET,286,4,282,287,103,228,35,0,47,3887
P81724,2020,07,BB11SB,119,2,284,288,140,250,6,0,44,2818
P81726,2020,07,BB51QE,186,4,308,312,97,267,19,0,24,3282
P81730,2020,07,BB67QR,992,18,1819,1838,321,1289,24,0,235,16097
P81731,2020,07,BB97SR,197,2,384,385,199,331,7,0,23,3803
P81732,2020,07,BB88QU,628,29,714,718,99,513,18,0,178,7346
P81734,2020,07,BB12HR,2585,18,2662,2690,796,2062,100,2,627,30560
P81735,2020,07,PR26NH,664,6,436,454,138,484,7,0,221,6866
P81736,2020,07,BB97SR,345,2,628,633,245,447,1,0,57,6044
P81737,2020,07,FY82LY,217,8,589,603,92,401,15,0,15,5361
P81738,2020,07,BB14LA,101,3,246,250,38,180,5,0,24,1816
P81740,2020,07,PR69NW,1212,22,1646,1669,282,1147,86,0,340,16052
P81741,2020,07,PR253NP,330,14,410,419,68,271,11,0,105,3759
P81742,2020,07,FY55HH,394,20,831,836,92,470,32,0,54,6449
P81748,2020,07,PR21HY,897,44,962,980,169,755,73,0,210,10984
P81755,2020,07,BB14LA,1324,23,1700,1726,318,1170,64,0,416,17680
P81757,2020,07,BB98QP,310,13,450,454,57,320,19,0,116,4217
P81770,2020,07,PR13RG,665,12,821,828,170,695,26,0,131,8657
P81771,2020,07,BB15ER,722,16,1425,1444,418,1010,105,0,96,13146
P81780,2020,07,BB112DL,413,11,550,559,313,476,33,0,117,7405
P82001,2020,07,BL26NT,1740,41,1211,1230,141,1240,88,0,549,19138
P82002,2020,07,BL35HP,815,20,1193,1194,264,865,133,0,197,13792
P82003,2020,07,BL65NW,2043,60,2017,2026,406,1987,41,0,529,24357
P82004,2020,07,BL36TL,789,50,1121,1124,359,1031,46,0,167,14175
P82005,2020,07,BL53SF,713,18,837,844,114,618,94,0,201,10481
P82006,2020,07,BL67AS,1290,24,1230,1259,114,877,66,0,356,14126
P82007,2020,07,BL48EP,2078,52,2078,2088,256,1653,119,0,579,26151
P82008,2020,07,BL49QZ,2451,49,1901,1911,348,1766,124,0,695,26047
P82009,2020,07,BL33RR,908,16,1097,1142,166,979,25,0,301,13418
P82010,2020,07,BL14JP,1163,24,886,897,211,816,62,0,433,13196
P82011,2020,07,BL26DY,766,34,764,779,166,694,22,0,286,10147
P82012,2020,07,BL11SQ,845,8,751,754,182,648,23,0,257,9996
P82013,2020,07,BL36RN,607,0,653,671,144,513,78,0,121,8269
P82014,2020,07,BL16AF,956,25,974,986,138,821,88,0,348,12084
P82015,2020,07,BL53UB,2310,44,2720,2742,294,1987,88,1,639,32232
P82016,2020,07,BL23HQ,1008,42,1119,1133,128,821,89,0,327,13496
P82018,2020,07,BL26NT,539,10,572,589,129,550,43,0,188,8454
P82020,2020,07,BL31JF,399,6,627,635,79,519,61,0,136,6654
P82021,2020,07,BL18UP,947,19,713,732,37,635,33,0,308,10209
P82022,2020,07,BL13RG,522,2,578,584,108,505,65,0,141,8151
P82023,2020,07,BL17LR,772,19,982,994,72,848,62,8,288,11934
P82025,2020,07,BL18TU,396,1,462,464,112,404,9,0,146,5786
P82029,2020,07,BL13RG,432,8,520,533,82,517,16,0,171,5962
P82030,2020,07,BL35AH,262,12,598,606,241,478,42,0,104,5377
P82031,2020,07,BL15PU,1035,29,1053,1065,139,1027,72,0,374,13998
P82033,2020,07,BL21HT,171,8,207,208,63,192,18,0,44,2753
P82034,2020,07,BL79RG,243,11,422,433,56,302,21,0,93,4187
P82036,2020,07,BL31JF,302,8,480,490,85,427,16,0,79,5185
P82037,2020,07,BL49AL,446,5,593,603,144,608,58,0,151,7019
P82607,2020,07,BL18UP,638,13,876,880,129,660,9,7,262,7933
P82609,2020,07,BL33PH,336,0,699,704,244,679,18,0,71,8123
P82613,2020,07,BL31HQ,639,9,1063,1082,153,831,44,0,128,10562
P82616,2020,07,BL32JR,286,3,493,497,140,406,25,0,84,5017
P82624,2020,07,BL35QE,352,7,469,474,118,377,4,0,71,5444
P82625,2020,07,BL18TU,69,0,217,218,107,200,4,0,15,2162
P82626,2020,07,BL13RG,559,8,745,755,189,601,30,0,144,8703
P82627,2020,07,BL16AH,466,10,404,408,89,333,28,0,106,5550
P82629,2020,07,BL35HP,136,1,208,209,84,226,10,0,43,2793
P82633,2020,07,BL36RN,239,5,405,409,114,313,13,4,80,4395
P82634,2020,07,BL14DN,316,8,491,491,137,514,17,0,80,5983
P82640,2020,07,BL35HP,308,1,512,528,137,531,27,0,99,6725
P82643,2020,07,BL79RG,539,17,555,563,49,362,45,0,207,6577
P82652,2020,07,BL49AH,423,4,433,443,88,447,13,0,154,6072
P82660,2020,07,BL34LU,335,0,586,587,104,504,38,0,68,4977
P83001,2020,07,M251BT,939,65,1093,1102,158,875,78,0,315,13099
P83004,2020,07,M458GH,967,37,1358,1366,207,1170,26,0,228,13524
P83005,2020,07,BL90SN,536,28,819,824,96,621,17,0,129,7443
P83006,2020,07,BL09DD,1013,40,1550,1561,129,1209,7,0,333,12545
P83007,2020,07,M262SP,1266,38,1307,1323,230,944,58,0,360,14833
P83009,2020,07,BL98QA,1029,25,1526,1537,157,1216,43,0,249,14615
P83010,2020,07,M262QZ,505,7,658,659,99,583,42,0,167,6324
P83011,2020,07,BL98JR,860,22,1374,1383,174,1152,55,0,227,13550
P83012,2020,07,BL84AD,3922,146,4758,4796,547,3914,152,0,1241,51183
P83015,2020,07,BL90SN,1083,39,999,1004,171,1009,32,0,307,11987
P83017,2020,07,BL81EG,349,23,522,527,71,417,11,0,82,5331
P83020,2020,07,BL90NJ,2472,72,2311,2338,311,1822,118,0,778,30335
P83021,2020,07,BL90SN,1499,34,1469,1485,299,1289,110,0,440,18074
P83024,2020,07,BL90ST,353,8,606,608,159,508,24,0,83,7100
P83025,2020,07,M250HT,540,22,753,760,115,455,45,0,151,8545
P83027,2020,07,M251NL,323,8,380,388,66,300,2,0,28,3195
P83603,2020,07,M262SP,1486,42,1844,1863,254,1557,67,0,415,19709
P83605,2020,07,M251EX,906,31,986,993,155,737,39,0,305,11471
P83608,2020,07,M457FD,828,15,929,941,101,676,30,0,233,9984
P83609,2020,07,M252GN,329,4,437,441,51,338,4,0,143,4312
P83611,2020,07,BL96DX,149,10,409,412,157,379,4,0,25,3685
P83612,2020,07,BL82JR,431,24,601,606,59,428,22,1,154,6590
P83620,2020,07,BL09TN,612,22,810,815,47,684,19,0,167,8294
P83621,2020,07,BL96JA,489,4,455,460,88,469,22,0,157,5627
P83623,2020,07,M251BT,459,19,487,494,61,418,30,0,159,6386
P84004,2020,07,M113BB,1120,31,1091,1108,224,1041,42,0,211,14704
P84005,2020,07,M139UJ,261,5,468,471,104,363,7,0,74,4630
P84009,2020,07,M130YL,964,6,856,875,347,722,168,0,242,14471
P84010,2020,07,M201EB,1331,27,999,1013,220,763,31,45,478,13957
P84012,2020,07,M224DH,1388,53,1523,1552,254,1330,150,0,380,19712
P84014,2020,07,M229UH,936,22,713,724,117,541,79,0,144,10911
P84016,2020,07,M193BX,919,7,1177,1196,325,1110,76,4,311,13955
P84017,2020,07,M204SS,1601,15,1480,1490,285,1059,118,6,527,19726
P84018,2020,07,M146SQ,351,10,394,400,72,267,29,0,92,5174
P84019,2020,07,M98PP,1838,26,1482,1509,313,1411,51,4,502,20320
P84020,2020,07,M225RX,1761,16,1518,1537,307,1150,315,0,496,18790
P84021,2020,07,M232SY,1632,28,1278,1301,216,987,111,4,386,17798
P84022,2020,07,M191UG,1041,32,1060,1078,208,1079,80,0,395,14477
P84023,2020,07,M145BY,749,10,590,594,174,549,72,4,209,9512
P84024,2020,07,M231JX,1772,17,1364,1380,261,1134,124,0,413,19880
P84025,2020,07,M405HP,927,23,928,943,214,776,118,0,201,14413
P84026,2020,07,M130WQ,637,11,1386,1391,525,1174,18,0,156,14653
P84027,2020,07,M192AF,634,5,1034,1058,304,801,7,0,233,11742
P84028,2020,07,M188LJ,1063,10,1505,1521,277,1113,58,2,274,18292
P84029,2020,07,M229UH,2369,52,1688,1711,371,1443,243,0,511,26216
P84030,2020,07,M80DA,1139,23,1564,1587,543,1401,60,0,305,21738
P84032,2020,07,M114EJ,802,15,783,800,157,685,119,0,218,10994
P84033,2020,07,M90FN,642,3,664,678,115,568,82,0,171,9058
P84034,2020,07,M202RN,1087,45,1164,1176,168,903,70,1,446,15917
P84035,2020,07,M146WP,1983,53,1650,1679,303,1468,71,0,788,23465
P84037,2020,07,M139UJ,836,7,623,633,182,453,101,0,183,9927
P84038,2020,07,M169RT,1056,9,1255,1269,266,1017,48,0,358,15849
P84039,2020,07,M168EE,648,16,946,952,205,710,36,0,175,11282
P84040,2020,07,M95BH,1035,26,1139,1159,247,864,106,0,265,12917
P84041,2020,07,M113AA,960,12,899,912,195,832,54,0,315,12952
P84042,2020,07,M111JG,1124,13,1498,1514,249,1171,63,0,288,16055
P84043,2020,07,M225RX,1390,10,1124,1137,262,1052,64,0,397,16481
P84045,2020,07,M239AB,927,2,694,705,161,535,104,0,255,10895
P84046,2020,07,M88UP,1081,7,1448,1463,579,1369,27,0,203,19400
P84047,2020,07,M401NT,1338,14,1379,1409,309,1222,84,0,409,15851
P84048,2020,07,M220EP,1294,22,1120,1129,252,941,79,0,325,15214
P84049,2020,07,M96BA,1753,20,1860,1888,328,1658,90,0,497,22510
P84050,2020,07,M187BQ,961,5,911,919,289,835,29,0,275,11973
P84051,2020,07,M114EJ,738,11,1006,1014,113,784,63,1,146,10355
P84052,2020,07,M125JE,1026,6,1279,1292,165,1053,61,0,308,14356
P84053,2020,07,M193BS,953,19,1145,1146,331,1114,61,0,347,14278
P84054,2020,07,M407QH,1173,13,1090,1110,260,910,187,7,204,15253
P84056,2020,07,M201BH,840,18,746,754,185,590,53,0,205,9633
P84059,2020,07,M111DA,868,3,1026,1040,182,844,90,0,175,11824
P84061,2020,07,M239JH,1085,7,830,839,160,709,114,0,311,11583
P84064,2020,07,M46EE,984,11,768,778,188,659,76,0,259,10276
P84065,2020,07,M94BE,480,3,519,529,154,400,67,0,155,6591
P84066,2020,07,M218HA,1065,9,1154,1163,304,961,52,0,298,14615
P84067,2020,07,M403HD,990,23,1316,1323,150,871,46,0,309,13308
P84068,2020,07,M219NJ,1412,14,1722,1730,257,1284,68,0,504,17945
P84070,2020,07,M402JF,894,28,1269,1289,348,833,99,0,294,13901
P84071,2020,07,M210UF,593,11,500,508,49,503,69,2,210,7303
P84072,2020,07,M145NP,1264,12,1436,1448,399,1111,68,0,391,19239
P84074,2020,07,M89JT,659,7,1021,1040,359,832,47,0,163,17383
P84605,2020,07,M95RD,290,9,403,409,80,385,15,0,66,3824
P84611,2020,07,M139UJ,451,3,702,709,230,614,96,0,145,8812
P84616,2020,07,M144GP,564,5,998,1005,319,844,26,0,195,10838
P84626,2020,07,M145LQ,453,9,968,973,320,841,11,0,153,8621
P84630,2020,07,M155TJ,1281,11,1160,1169,196,887,54,0,445,14043
P84635,2020,07,M167AP,323,3,515,517,134,375,10,0,87,6136
P84637,2020,07,M114EJ,420,7,410,420,97,302,44,0,146,5636
P84639,2020,07,M146YL,231,29,323,324,149,364,23,0,63,4933
P84640,2020,07,M88AU,307,5,687,699,340,671,8,0,73,7952
P84644,2020,07,M125RU,344,0,742,746,289,693,8,0,76,9516
P84645,2020,07,M84RF,883,15,950,956,257,841,52,0,233,13233
P84650,2020,07,M168NG,475,15,657,664,177,508,37,0,171,9265
P84651,2020,07,M230PH,850,2,719,744,122,483,57,0,205,9085
P84652,2020,07,M218UP,611,13,699,704,225,637,41,0,188,9463
P84663,2020,07,M98DX,588,9,645,662,89,488,34,0,181,7426
P84665,2020,07,M203HE,230,3,340,342,131,277,24,0,55,3457
P84669,2020,07,M154EA,1148,6,879,887,246,640,80,0,347,12254
P84672,2020,07,M239RL,467,22,420,422,81,360,23,0,118,5759
P84673,2020,07,M46EE,1726,11,1170,1189,136,1017,55,272,555,15658
P84678,2020,07,M206BA,1071,20,983,991,161,817,98,5,374,13817
P84679,2020,07,M94WH,226,5,299,303,42,269,23,0,83,2845
P84683,2020,07,M13LY,441,4,345,352,77,251,48,0,167,4489
P84684,2020,07,M89NT,409,16,930,948,482,860,17,0,113,11198
P84689,2020,07,M130RR,445,5,527,533,231,482,20,0,146,7320
P84690,2020,07,M97HD,538,9,382,383,78,361,77,0,60,6266
P85001,2020,07,OL12HG,467,9,736,738,115,619,40,0,103,7978
P85002,2020,07,OL13UL,894,16,912,917,145,822,59,3,229,10651
P85003,2020,07,OL11NL,397,1,740,740,432,746,12,0,50,8843
P85004,2020,07,OL90LH,509,8,803,814,208,644,22,0,126,9240
P85005,2020,07,OL43DG,1104,18,1564,1591,178,1211,137,0,259,16859
P85006,2020,07,OL26QW,715,14,1332,1344,83,1074,134,0,192,13145
P85007,2020,07,OL11NL,318,2,416,418,125,430,1,0,74,5098
P85008,2020,07,M350AD,1680,51,2321,2343,209,1653,106,0,550,24011
P85010,2020,07,OL90LH,1276,25,2074,2094,282,1765,97,0,318,21592
P85011,2020,07,OL98NH,1002,17,1331,1348,94,1157,63,0,245,14435
P85012,2020,07,OL83HF,801,5,833,842,225,803,114,19,203,10136
P85013,2020,07,OL26QW,1935,51,2138,2194,485,2253,125,0,431,29139
P85014,2020,07,OL41JN,739,5,812,817,152,684,34,3,212,9098
P85015,2020,07,OL41YN,664,25,920,929,350,888,16,0,174,12380
P85016,2020,07,OL36AH,1110,41,2065,2087,166,1539,78,0,309,20943
P85017,2020,07,OL28ST,1181,18,1615,1631,390,1281,92,5,340,18829
P85018,2020,07,OL97AY,724,7,605,609,142,691,22,9,253,8620
P85019,2020,07,OL25QA,659,18,789,796,113,752,43,0,176,9035
P85020,2020,07,OL42RJ,1197,16,1346,1361,203,1163,103,0,332,15677
P85021,2020,07,OL41BN,1064,14,1443,1447,418,1263,65,15,242,16209
P85022,2020,07,OL43BP,471,3,596,602,128,486,32,8,115,6570
P85026,2020,07,M350AD,790,16,833,842,122,631,54,0,234,9685
P85028,2020,07,OL97SG,588,9,706,711,178,706,23,0,156,9754
P85601,2020,07,OL11NL,191,5,270,275,60,271,7,14,51,3755
P85602,2020,07,OL14JU,298,4,315,320,43,257,5,0,110,3517
P85605,2020,07,OL84LR,354,2,538,538,138,547,27,0,100,6256
P85606,2020,07,OL14JU,370,9,371,378,42,268,61,5,83,5412
P85607,2020,07,OL98RG,404,2,668,674,63,569,24,0,107,6517
P85608,2020,07,OL11NL,586,5,505,515,76,347,76,5,184,6850
P85610,2020,07,M350AD,483,4,629,634,139,576,59,0,124,7231
P85612,2020,07,OL84AL,195,2,436,442,249,397,10,0,44,4497
P85614,2020,07,OL28ST,436,10,386,394,83,365,22,0,80,5291
P85615,2020,07,OL97AY,868,11,1432,1438,503,1395,48,0,217,18166
P85620,2020,07,OL83HH,377,4,342,344,32,349,12,0,107,4208
P85621,2020,07,OL41YN,560,14,599,603,162,567,53,0,200,8304
P85622,2020,07,OL41YN,323,1,623,625,345,621,13,0,79,6609
P86001,2020,07,OL164EG,781,8,701,706,101,553,11,0,264,8657
P86002,2020,07,OL111DN,126,3,258,259,99,262,6,0,17,2645
P86003,2020,07,OL115AQ,1237,33,1395,1433,259,1176,69,0,326,16849
P86004,2020,07,M244DZ,1324,37,1420,1435,236,1085,24,0,361,16942
P86005,2020,07,OL162DN,916,9,775,780,177,771,88,2,240,11092
P86006,2020,07,OL126RT,1648,44,1531,1561,315,1249,51,0,451,19307
P86007,2020,07,OL111AD,2134,35,1613,1631,392,1432,44,0,392,23742
P86008,2020,07,OL129BE,959,20,1055,1068,227,869,35,0,270,12698
P86009,2020,07,OL113HY,1540,38,1480,1493,192,1194,54,0,381,18699
P86010,2020,07,M242AU,807,13,1192,1197,193,847,78,0,159,12501
P86011,2020,07,OL104NH,1166,29,1260,1268,271,759,30,0,326,13643
P86012,2020,07,M245QL,1233,21,1056,1079,242,912,51,87,265,15520
P86013,2020,07,OL120SN,733,8,880,896,246,728,28,0,146,9961
P86014,2020,07,OL162UP,696,4,1144,1159,632,1091,41,0,108,13466
P86015,2020,07,M242PU,599,6,652,657,136,600,33,0,185,7277
P86016,2020,07,OL103SD,1490,27,1598,1617,327,1259,37,0,384,17270
P86017,2020,07,OL162UY,316,2,627,631,326,630,6,0,78,6906
P86018,2020,07,OL158HF,1020,36,1017,1033,177,892,28,0,258,12294
P86019,2020,07,M246DL,1444,12,1809,1842,246,1400,20,0,426,18365
P86021,2020,07,OL158HF,418,9,570,585,94,459,1,0,117,5936
P86022,2020,07,OL164JQ,1046,17,859,870,98,718,27,24,197,12892
P86023,2020,07,OL102BS,958,13,1207,1214,191,936,6,0,285,11248
P86026,2020,07,OL126RX,957,22,897,912,137,585,48,0,241,10800
P86602,2020,07,OL104RG,620,20,458,464,119,509,12,3,131,7447
P86606,2020,07,M244EN,889,8,741,743,119,645,11,0,145,9471
P86608,2020,07,OL158AQ,427,9,518,524,78,374,16,0,104,5284
P86609,2020,07,OL111DN,173,0,302,304,176,250,5,0,29,2870
P86614,2020,07,OL111DN,250,2,554,557,253,499,11,0,56,5474
P86619,2020,07,OL111DN,332,0,709,715,325,646,45,0,55,7387
P86620,2020,07,M245WF,432,0,356,367,89,275,22,13,80,4211
P86624,2020,07,OL158AR,582,5,706,712,106,593,16,0,177,7269
P87002,2020,07,M270NA,1645,63,1835,1864,355,1564,63,2,383,22593
P87004,2020,07,M65PP,643,7,650,664,130,625,24,0,155,7016
P87008,2020,07,M283AT,1218,49,1163,1184,239,1067,54,0,335,15739
P87015,2020,07,M65FX,696,16,611,615,151,738,28,3,171,9312
P87016,2020,07,M270EW,1045,51,1655,1670,217,1388,38,0,334,18318
P87017,2020,07,M283AT,1047,24,962,985,184,822,79,0,263,12356
P87019,2020,07,M278HP,2135,50,2599,2636,546,2040,136,0,612,29883
P87020,2020,07,M300NU,2511,52,2218,2242,440,1970,73,3,703,29063
P87022,2020,07,M71QE,310,14,434,442,113,357,31,0,84,5351
P87024,2020,07,M308QD,2239,12,2092,2102,242,2072,90,1,586,25365
P87025,2020,07,M274AF,1380,14,1892,1910,281,1358,24,0,350,17272
P87026,2020,07,M74NX,1962,16,1859,1881,471,1663,87,0,485,23841
P87027,2020,07,M65WW,2361,8,1639,1655,260,1385,81,0,697,22384
P87028,2020,07,M283DR,833,6,890,903,141,632,6,12,200,10100
P87032,2020,07,M68LE,955,20,888,905,89,862,43,0,187,11683
P87035,2020,07,M53PH,1271,26,853,857,198,856,48,0,356,13016
P87040,2020,07,M67HL,2073,37,1851,1878,324,1671,102,0,538,24374
P87610,2020,07,M445LH,2180,28,2653,2659,379,2115,29,0,586,26363
P87613,2020,07,M389RS,445,15,455,463,101,363,3,0,88,5557
P87618,2020,07,M283EZ,340,14,369,383,108,335,22,0,111,4483
P87620,2020,07,M308AR,1401,35,1540,1562,145,1288,37,1,384,18545
P87624,2020,07,M281PB,455,10,585,592,48,442,13,0,109,6417
P87625,2020,07,M389GH,465,0,381,385,103,346,9,0,154,5156
P87627,2020,07,M281LZ,245,6,269,275,36,241,18,0,69,3230
P87630,2020,07,M280AY,772,2,835,861,145,774,20,0,207,8467
P87634,2020,07,M65FX,1553,16,1035,1042,277,1112,46,0,406,17141
P87639,2020,07,M65QQ,435,0,328,331,50,329,11,0,130,4635
P87648,2020,07,M74NX,196,2,269,269,37,223,14,0,72,3408
P87649,2020,07,M446FE,1008,15,1261,1282,225,1126,22,0,264,12304
P87651,2020,07,M74NX,167,4,270,271,44,147,9,0,80,2741
P87654,2020,07,M71RD,1973,20,1776,1786,465,1633,30,0,532,23306
P87657,2020,07,M446DP,522,14,558,561,77,497,7,0,136,6556
P87658,2020,07,M55JR,566,8,602,617,150,479,37,0,138,6459
P87661,2020,07,M389LQ,393,12,408,412,81,353,0,0,104,4303
P88002,2020,07,SK65AA,597,57,990,1001,82,806,75,0,149,10617
P88003,2020,07,SK25AR,2171,40,1954,2018,185,1666,172,0,676,23845
P88005,2020,07,SK56RN,2070,33,2210,2230,393,1817,138,0,664,24416
P88006,2020,07,SK66BW,936,23,1626,1643,132,775,60,0,275,13291
P88007,2020,07,SK86LU,1279,61,1760,1786,187,1214,139,0,335,18898
P88008,2020,07,SK43BT,904,58,1058,1071,176,790,116,0,235,13194
P88009,2020,07,SK61ND,185,8,336,344,44,300,10,0,91,3311
P88011,2020,07,SK41JX,1123,29,934,951,199,836,110,0,338,14254
P88012,2020,07,SK74QR,899,48,1515,1547,180,1211,38,0,319,15390
P88013,2020,07,SK26BZ,2082,58,2484,2538,353,2032,112,0,656,25731
P88014,2020,07,SK82JN,772,8,808,818,122,692,93,0,136,10310
P88015,2020,07,SK72DY,1028,53,2250,2273,306,1531,49,0,354,19016
P88016,2020,07,SK73EP,1771,50,1709,1754,308,1550,114,0,597,23251
P88017,2020,07,SK64QR,995,25,1274,1290,182,1102,55,0,324,14364
P88018,2020,07,SK56ET,1527,27,1246,1268,253,1169,96,0,434,17848
P88019,2020,07,SK61ND,965,17,1086,1099,165,722,46,0,276,10825
P88020,2020,07,SK81BH,1442,39,1551,1569,238,1230,114,0,471,20185
P88021,2020,07,SK66AB,825,22,1009,1031,117,813,20,0,228,11940
P88023,2020,07,SK83JD,795,44,1388,1395,313,1058,42,0,208,13729
P88024,2020,07,SK84DG,702,27,908,916,104,687,46,0,170,11964
P88025,2020,07,SK86LU,1175,46,1525,1559,200,1266,75,0,344,17498
P88026,2020,07,SK44NX,5870,148,6288,6389,807,5019,320,6,1850,72597
P88031,2020,07,SK26EQ,993,36,1336,1344,177,869,68,0,341,11668
P88034,2020,07,SK38JE,673,20,500,512,85,388,68,3,168,7041
P88041,2020,07,SK72DN,499,49,773,785,83,632,56,0,142,8557
P88042,2020,07,SK83JD,888,28,1287,1300,245,990,45,0,291,13021
P88043,2020,07,SK58BS,1974,42,1439,1471,251,1131,146,11,534,20716
P88044,2020,07,SK62AH,729,16,914,930,103,685,86,0,204,9667
P88606,2020,07,SK74AA,742,29,828,840,104,667,56,0,264,9931
P88607,2020,07,SK64QR,444,10,571,585,58,461,11,0,112,5794
P88610,2020,07,SK57QU,621,17,547,552,84,511,86,0,204,6938
P88615,2020,07,SK12EX,254,3,204,205,26,147,46,0,36,2598
P88623,2020,07,SK68DR,607,19,1126,1152,78,718,85,0,172,10797
P88625,2020,07,SK61ND,1280,40,1349,1389,191,1065,130,0,291,17707
P88632,2020,07,SK39NX,2702,46,2505,2535,483,2060,128,0,841,30834
P89002,2020,07,SK141AT,1713,31,1609,1638,289,1311,138,0,527,21503
P89003,2020,07,OL66HF,1152,33,1422,1430,224,1249,55,0,303,19182
P89004,2020,07,SK146LA,1013,17,923,931,64,737,145,0,204,12573
P89005,2020,07,SK152PT,833,10,1063,1069,131,768,27,0,264,11211
P89006,2020,07,OL59AJ,1352,10,1452,1475,231,1101,132,0,294,17463
P89007,2020,07,SK152AE,843,14,945,954,152,799,58,0,254,11353
P89008,2020,07,OL66EW,2791,32,2631,2651,448,2286,198,0,714,34324
P89010,2020,07,M437BW,956,16,1885,1892,241,1391,68,0,286,17652
P89011,2020,07,OL66NE,655,2,785,789,239,661,52,0,215,10006
P89012,2020,07,SK142AQ,1500,15,1148,1166,147,972,73,5,475,16796
P89013,2020,07,SK143EH,1181,7,1095,1115,185,780,10,6,307,12729
P89014,2020,07,SK141JY,1919,32,2082,2113,348,1760,60,7,594,26098
P89015,2020,07,M342AJ,3262,41,4056,4091,512,3156,149,0,951,44662
P89016,2020,07,SK142AH,1121,19,1472,1503,219,1225,123,2,341,17132
P89018,2020,07,M343JE,903,13,1103,1113,137,958,40,0,297,12270
P89020,2020,07,OL70NW,948,3,1635,1644,264,1310,65,0,240,16967
P89021,2020,07,SK164DB,1540,16,1411,1421,294,1117,147,0,502,19374
P89022,2020,07,SK164JZ,607,12,568,575,128,425,83,0,99,7724
P89023,2020,07,SK152AU,754,5,964,972,102,764,31,0,284,9770
P89025,2020,07,SK164LD,372,3,466,474,77,350,17,0,95,4882
P89026,2020,07,SK151RZ,1069,9,1189,1202,147,820,41,0,383,12279
P89029,2020,07,M436DE,737,18,1110,1116,151,840,93,0,229,11530
P89030,2020,07,OL70LH,415,0,644,658,166,409,83,0,136,7275
P89602,2020,07,SK148LN,592,15,571,574,53,402,48,1,187,6624
P89609,2020,07,OL69QH,549,7,617,621,140,479,47,0,194,7334
P89612,2020,07,OL59AB,272,0,275,276,56,233,15,10,74,3375
P89613,2020,07,OL79EJ,390,6,449,450,75,409,29,0,144,5319
P89618,2020,07,OL50HE,274,2,373,377,41,272,29,0,53,3529
P91003,2020,07,WA156QQ,844,40,929,948,119,621,67,0,184,11367
P91004,2020,07,WA142DD,766,13,860,862,133,630,66,0,216,9981
P91006,2020,07,M418AA,1722,48,2189,2209,394,1777,119,0,486,25572
P91007,2020,07,WA156PH,471,13,680,684,139,614,19,0,109,7388
P91008,2020,07,WA158NZ,380,23,550,558,119,525,38,0,84,7669
P91009,2020,07,M417WJ,1544,91,1811,1822,352,1684,60,0,566,21947
P91011,2020,07,WA158NZ,360,12,656,668,115,464,20,0,74,6292
P91012,2020,07,M417AB,1167,52,1436,1445,278,1129,133,0,335,15810
P91013,2020,07,M332RH,1307,36,1658,1670,274,1077,58,0,390,17950
P91014,2020,07,M337SS,1900,73,2293,2306,443,1883,87,0,606,25496
P91016,2020,07,WA145PF,674,11,871,876,165,584,64,0,241,10438
P91017,2020,07,M335JH,1194,20,1159,1172,213,1019,103,11,354,14302
P91018,2020,07,M320DF,2060,68,2608,2624,628,2070,76,0,520,27235
P91019,2020,07,M314FY,637,21,667,668,190,616,24,0,161,8505
P91020,2020,07,M169NW,1077,20,1607,1615,602,1322,61,0,229,16717
P91021,2020,07,M334BR,1694,41,2232,2241,378,1716,60,0,563,22482
P91026,2020,07,M314FL,1030,29,997,1002,289,866,43,0,302,13265
P91029,2020,07,M415BG,1298,58,1592,1613,360,1552,83,0,345,20029
P91032,2020,07,M333JP,471,16,520,523,108,407,44,0,111,6786
P91035,2020,07,M332TB,964,19,1168,1180,223,775,63,0,278,13531
P91603,2020,07,WA141RZ,802,44,1105,1137,246,895,34,0,286,11625
P91604,2020,07,WA141PF,1341,64,1853,1882,282,1344,123,0,397,22032
P91617,2020,07,WA141LL,163,9,183,189,57,218,14,0,53,3111
P91619,2020,07,M160LW,469,12,810,813,325,758,13,0,123,8598
P91623,2020,07,WA156PH,753,17,1001,1015,191,792,28,0,225,10807
P91625,2020,07,M419JS,716,13,810,814,182,858,24,0,175,9690
P91627,2020,07,M329PA,1329,53,1651,1661,427,1191,68,0,285,17527
P91629,2020,07,M320PA,1314,34,2064,2088,696,1793,78,0,345,21809
P91631,2020,07,WA156BP,330,10,498,501,61,367,16,0,96,4852
P91633,2020,07,WA156PH,483,4,616,622,126,462,16,0,104,6797
P92001,2020,07,WN49AZ,582,20,724,735,139,579,21,0,164,8008
P92002,2020,07,WA32HY,461,14,842,846,124,615,70,0,110,7899
P92003,2020,07,WN67LB,1777,55,1826,1838,356,1333,115,0,472,20530
P92004,2020,07,WN23HQ,1394,19,1262,1287,259,989,48,0,358,15578
P92005,2020,07,WN35HL,561,16,545,547,100,447,28,0,123,6329
P92006,2020,07,WN25NG,1057,22,1069,1078,201,771,19,0,222,12934
P92007,2020,07,WN72PG,1250,17,1038,1051,252,921,77,0,394,14678
P92008,2020,07,WN50AB,1393,38,2011,2028,439,1562,54,0,491,20278
P92010,2020,07,WN67PD,1539,59,1985,1995,366,1711,64,0,435,22979
P92011,2020,07,WN13TB,1235,24,995,1010,206,748,43,0,377,13048
P92012,2020,07,WA33GS,737,8,874,883,176,605,75,0,153,9648
P92014,2020,07,WN60HD,1184,32,1498,1515,264,1222,80,0,301,17532
P92015,2020,07,WN21XH,654,15,808,819,175,598,57,0,160,9315
P92016,2020,07,WN22QG,2538,46,2242,2263,377,1705,167,0,792,29094
P92017,2020,07,WN68ET,1765,52,2951,2988,430,1947,83,0,484,26383
P92019,2020,07,WN59QX,1417,35,1632,1643,387,1305,74,0,391,19114
P92020,2020,07,M297BS,374,9,700,710,125,478,24,0,101,6424
P92021,2020,07,WN59QX,1343,34,1214,1228,304,1095,81,0,400,15658
P92023,2020,07,WN72RB,1105,27,1120,1137,196,868,61,0,309,13454
P92024,2020,07,WN35HL,510,14,480,490,111,423,13,0,134,6579
P92026,2020,07,WN13NH,1201,33,1321,1334,293,1025,23,0,284,14308
P92028,2020,07,M298FL,757,14,912,931,162,756,31,0,249,9729
P92029,2020,07,WN75JE,614,13,720,727,168,597,44,0,186,8422
P92030,2020,07,WN12AZ,524,7,653,654,119,500,23,0,119,5838
P92031,2020,07,WN25NG,464,10,485,493,155,465,26,0,137,6218
P92033,2020,07,M298AL,553,4,750,756,179,497,49,0,144,7427
P92034,2020,07,WN40AR,669,17,883,891,107,584,40,0,172,8766
P92035,2020,07,WN71HR,515,7,513,519,113,373,31,0,165,6196
P92038,2020,07,WN36JN,153,4,286,288,68,278,11,0,33,3042
P92041,2020,07,WN49SU,1241,38,1279,1292,255,897,13,0,374,13868
P92042,2020,07,M469DE,1411,44,1691,1729,370,1314,46,0,348,20302
P92602,2020,07,WN72PE,262,5,348,351,64,245,29,0,53,3710
P92605,2020,07,M281BZ,583,9,729,740,164,536,42,0,157,8729
P92607,2020,07,WN71HR,1227,37,1494,1505,286,1174,29,0,242,16207
P92615,2020,07,WN71HR,431,9,514,516,91,389,21,0,96,5496
P92616,2020,07,WN22DJ,454,11,380,389,82,290,14,0,112,5173
P92620,2020,07,WN34NW,716,4,557,565,136,377,35,0,170,6780
P92621,2020,07,WN72PE,391,5,373,377,80,330,14,0,106,4626
P92623,2020,07,WN71HR,307,1,427,429,88,357,16,0,73,4301
P92626,2020,07,M460LE,676,20,712,746,123,522,67,0,178,8960
P92630,2020,07,WA33GS,248,5,446,453,125,350,29,0,88,4060
P92633,2020,07,M460BD,394,12,457,463,94,414,39,0,99,5087
P92634,2020,07,WN11ST,495,11,709,716,148,560,14,0,109,7775
P92635,2020,07,M460LE,416,2,312,312,67,299,54,0,111,4536
P92637,2020,07,M297BY,243,4,237,244,47,189,23,0,76,3377
P92639,2020,07,WA33GS,338,10,493,496,82,333,7,0,148,4629
P92642,2020,07,WN35HL,723,8,594,599,153,465,34,0,177,8306
P92646,2020,07,M297HG,296,7,491,495,109,435,11,0,115,4666
P92647,2020,07,WN35HL,409,11,581,584,121,526,34,0,81,6498
P92648,2020,07,WA32EZ,427,13,452,455,105,349,10,0,124,5145
P92651,2020,07,WA32AQ,649,12,581,592,141,428,80,0,137,7845
P92653,2020,07,WN35HL,466,5,500,501,130,459,14,0,149,5822
Y00020,2020,07,SW99DL,448,51,693,709,186,445,38,0,140,7372
Y00026,2020,07,NG157JP,193,5,249,252,25,182,4,0,62,3159
Y00033,2020,07,RM191SX,428,5,713,716,126,475,41,0,141,6049
Y00050,2020,07,WN72PE,230,4,277,278,64,223,6,0,72,3034
Y00056,2020,07,CB58HB,313,5,42,44,11,49,68,142,68,1851
Y00057,2020,07,N182FF,326,5,852,857,278,622,15,0,65,8067
Y00058,2020,07,SN12DQ,684,5,1508,1515,655,1108,8,0,182,11119
Y00060,2020,07,CV15FX,213,4,87,87,11,59,8,0,78,1315
Y00078,2020,07,DE150EP,462,11,445,450,73,348,48,0,97,5553
Y00080,2020,07,BN236DW,566,20,1004,1016,179,613,18,0,133,9010
Y00090,2020,07,IG38LF,217,16,709,718,280,571,20,0,46,7240
Y00110,2020,07,L243TY,379,3,337,338,84,254,64,0,109,4609
Y00137,2020,07,LE54LJ,444,2,792,799,270,576,35,0,119,7585
Y00140,2020,07,CV23NF,272,6,480,484,96,355,7,0,41,4320
Y00155,2020,07,RM64YU,211,17,537,540,259,466,62,0,45,6249
Y00159,2020,07,B288BG,1773,1,2490,2519,617,1787,113,2,542,33090
Y00184,2020,07,NE45AB,562,13,832,833,410,658,22,0,96,9907
Y00185,2020,07,CB61DN,1182,16,1355,1365,258,889,55,0,367,13023
Y00186,2020,07,BL35DP,119,2,169,169,70,159,8,0,27,2225
Y00200,2020,07,W112EH,160,8,154,154,55,119,18,0,62,2126
Y00206,2020,07,NW103RY,375,5,566,570,190,349,16,8,104,6133
Y00212,2020,07,E26NA,372,27,561,563,286,492,23,0,117,6638
Y00228,2020,07,WS14JQ,119,1,161,161,73,140,16,0,35,2292
Y00252,2020,07,LE128RY,425,40,415,417,51,284,44,0,45,4788
Y00260,2020,07,SG156SN,462,19,479,483,33,348,47,0,107,5717
Y00265,2020,07,SL12BJ,327,2,485,488,210,352,32,0,98,5294
Y00278,2020,07,WS108SY,266,2,300,304,98,294,35,0,74,4221
Y00286,2020,07,TS104NW,826,14,721,727,192,652,54,0,204,8122
Y00293,2020,07,CO93BY,1278,12,1935,1956,313,1241,67,0,198,16774
Y00297,2020,07,PE389JE,846,20,796,798,212,735,74,0,277,9890
Y00312,2020,07,RM39SU,264,5,279,286,78,185,10,0,33,3839
Y00316,2020,07,N28BG,302,19,416,427,120,399,24,1,95,5119
Y00328,2020,07,MK403NE,130,9,265,269,73,239,11,0,25,2717
Y00347,2020,07,PR72TH,630,13,597,601,102,498,33,0,171,7416
Y00351,2020,07,RH110NF,837,50,1072,1077,195,833,84,0,258,13700
Y00352,2020,07,UB34DD,755,21,1369,1371,497,1010,47,34,176,13484
Y00399,2020,07,NN297AW,679,9,1002,1004,184,615,36,0,154,8721
Y00403,2020,07,E95NE,363,10,463,467,185,377,2,10,160,4977
Y00411,2020,07,S630LT,1835,29,2072,2097,366,1658,33,3,455,22404
Y00412,2020,07,B219RY,279,3,729,735,330,611,33,0,66,6723
Y00437,2020,07,SL38HD,499,6,822,825,303,573,42,0,109,9153
Y00445,2020,07,M280AY,2994,7,2456,2469,513,2096,112,0,732,30645
Y00446,2020,07,L310DJ,399,29,780,780,99,448,23,0,126,6540
Y00449,2020,07,ME43EP,2927,35,2424,2449,480,1778,168,0,831,28514
Y00469,2020,07,SS133HQ,2415,31,2496,2507,406,1807,225,0,540,27878
Y00471,2020,07,B187BA,317,0,483,491,146,326,22,0,98,4882
Y00475,2020,07,WN40XD,716,7,993,1007,123,675,24,0,177,9669
Y00486,2020,07,PE29QB,707,2,784,785,122,470,49,0,149,7487
Y00492,2020,07,B187AL,346,7,351,358,111,257,13,0,98,4450
Y00507,2020,07,W106NX,193,7,208,212,49,144,42,0,43,2578
Y00522,2020,07,MK404GH,552,12,771,773,81,476,25,0,205,7101
Y00542,2020,07,BR76DB,618,14,906,917,118,612,16,0,131,8688
Y00560,2020,07,MK439JJ,573,16,696,699,87,521,64,0,146,7575
Y00561,2020,07,MK420UF,235,3,254,255,43,167,15,0,55,2715
Y00568,2020,07,EX42BH,311,10,354,359,58,230,47,6,74,3813
Y00589,2020,07,CM35QP,503,9,824,826,110,574,42,0,120,6651
Y00612,2020,07,N181RP,425,24,700,719,195,532,11,2,94,7124
Y00726,2020,07,M242YJ,707,4,1032,1046,157,751,25,0,179,8389
Y00758,2020,07,SS133HQ,233,0,291,292,59,221,11,0,92,3413
Y00774,2020,07,IP270AQ,767,12,1004,1006,194,936,1,2,140,11912
Y00902,2020,07,W25ES,404,10,482,487,214,423,37,0,89,6457
Y00912,2020,07,SK26JG,219,7,311,317,88,296,28,0,81,3252
Y00918,2020,07,IG14JY,309,24,969,979,392,748,12,2,48,8966
Y00969,2020,07,PL112TB,1904,45,2145,2161,380,1476,128,4,410,23810
Y00996,2020,07,CV14FS,262,0,199,204,53,89,22,0,68,2701
Y00999,2020,07,RM175JY,787,11,1321,1324,293,1000,22,0,187,12376
Y01008,2020,07,LA32LE,7935,125,8678,8764,1978,6398,309,1,1786,103563
Y01011,2020,07,W106DZ,586,17,799,802,246,585,39,30,171,9324
Y01050,2020,07,TR183DX,1062,7,1039,1041,100,640,54,39,246,11658
Y01051,2020,07,TR184EL,1591,27,1559,1562,253,1139,150,0,408,20229
Y01066,2020,07,N43DU,575,22,553,554,204,406,13,23,184,7311
Y01068,2020,07,B81RZ,209,1,296,299,169,273,9,0,61,3857
Y01090,2020,07,HA04UZ,86,6,319,321,158,254,8,0,13,3415
Y01108,2020,07,WA13RB,448,8,388,394,69,241,48,0,93,4690
Y01118,2020,07,BD22HX,354,31,673,676,58,556,35,0,107,6855
Y01124,2020,07,OL11NL,507,3,673,683,134,513,98,7,125,7785
Y01127,2020,07,EX238LA,766,11,659,659,67,427,106,0,145,8961
Y01132,2020,07,SW156HG,683,44,1162,1175,273,809,58,0,272,11643
Y01139,2020,07,NN81LT,432,9,858,859,209,659,33,0,104,7253
Y01163,2020,07,BA229AH,482,7,805,814,116,704,17,0,56,7590
Y01165,2020,07,WD197SF,435,6,436,438,123,256,53,6,74,5895
Y01206,2020,07,SW130DR,655,53,1099,1111,164,882,95,0,142,11185
Y01221,2020,07,UB12TU,167,13,568,569,212,458,16,0,19,5500
Y01280,2020,07,IG117RS,124,0,183,184,98,138,16,0,16,1903
Y01281,2020,07,PO88XL,342,14,447,452,47,322,31,0,78,5224
Y01291,2020,07,E48LF,667,44,1365,1392,265,973,76,0,158,11868
Y01652,2020,07,NG340QQ,1422,62,2280,2282,380,1451,43,0,296,22033
Y01655,2020,07,N88SU,506,24,578,580,178,348,72,0,137,6302
Y01690,2020,07,IP242AG,470,1,333,334,84,266,18,2,113,4015
Y01695,2020,07,M407LH,437,6,304,305,81,252,48,0,137,4535
Y01717,2020,07,SR54EU,75,24,149,157,35,130,4,0,12,2267
Y01719,2020,07,RM109HU,469,28,681,688,190,446,30,0,115,8673
Y01756,2020,07,B633HN,601,6,829,836,94,607,25,1,164,7812
Y01794,2020,07,IP39QJ,1809,21,1672,1681,311,1367,115,5,408,22808
Y01795,2020,07,RM107YU,101,21,211,213,46,134,4,0,15,2306
Y01812,2020,07,DE110AE,1028,18,1008,1010,170,765,94,0,259,12607
Y01839,2020,07,E175QB,430,12,516,525,180,355,57,0,95,6698
Y01922,2020,07,TR261RU,1325,38,1891,1897,231,1272,131,1,310,19675
Y01929,2020,07,TF32JZ,5004,105,4017,4101,745,3033,194,1,1221,56218
Y01948,2020,07,DN327DL,540,1,177,182,51,161,55,0,108,4120
Y01964,2020,07,HP199AP,610,10,541,547,102,294,32,0,196,6246
Y02002,2020,07,LS18TL,605,0,219,219,75,138,19,0,245,4044
Y02117,2020,07,N155AZ,704,22,1313,1333,415,851,35,0,162,13841
Y02177,2020,07,SS12TH,713,6,552,557,138,423,112,0,225,7327
Y02212,2020,07,DY20EF,287,10,481,482,51,365,28,0,36,4749
Y02222,2020,07,SE182AE,385,3,510,514,80,350,41,0,59,5413
Y02260,2020,07,SW1W8NA,133,10,222,225,51,167,24,0,42,2610
Y02274,2020,07,WN34NW,625,4,350,354,110,307,26,0,152,5669
Y02319,2020,07,BL14TH,672,0,360,362,100,245,42,0,169,5909
Y02321,2020,07,M298AX,798,16,641,653,157,573,50,0,233,8361
Y02322,2020,07,WN72PE,1316,21,1019,1030,255,825,146,0,334,14644
Y02325,2020,07,M97ED,569,16,482,487,115,386,33,0,154,7148
Y02332,2020,07,LU48BY,291,12,784,788,379,755,29,0,78,9716
Y02342,2020,07,UB25BQ,206,1,782,784,386,762,10,0,54,7479
Y02344,2020,07,HU74DW,780,30,576,581,121,530,31,0,165,8357
Y02354,2020,07,WS152LB,1361,30,1608,1618,251,1135,144,4,350,19960
Y02378,2020,07,WN48LB,833,10,1004,1013,204,726,43,0,220,10804
Y02414,2020,07,WS73XH,554,8,531,535,115,356,22,0,167,6622
Y02423,2020,07,SW170RT,2391,120,4103,4166,1417,2917,206,0,743,43351
Y02442,2020,07,DE238RJ,244,1,408,408,116,230,2,0,49,3404
Y02463,2020,07,LU12SE,400,4,424,429,123,239,38,0,151,4913
Y02466,2020,07,PR77HZ,1054,42,639,649,133,412,66,2,322,9941
Y02469,2020,07,LE53GH,589,4,1210,1214,420,838,36,6,92,11520
Y02476,2020,07,RG17QA,369,1,393,394,122,221,9,0,121,3856
Y02494,2020,07,LS97TA,339,1,299,300,100,225,15,0,106,4576
Y02506,2020,07,ME123LT,1063,9,934,938,103,740,19,0,350,10589
Y02510,2020,07,WA93DA,990,40,851,866,135,547,96,0,264,11483
Y02517,2020,07,TR71RU,2199,23,2325,2352,294,1746,217,3,537,25999
Y02519,2020,07,GL11PX,1383,29,784,793,293,668,103,0,337,11838
Y02520,2020,07,M409NB,565,4,501,504,118,403,36,0,171,6742
Y02521,2020,07,ST36AB,1667,60,1454,1480,377,1265,76,0,376,19068
Y02526,2020,07,PO12RY,657,0,228,231,49,163,58,0,182,5025
Y02567,2020,07,B368GH,351,1,435,436,106,357,22,0,103,5375
Y02571,2020,07,B147AG,498,0,399,406,105,306,55,0,147,6353
Y02572,2020,07,OL145RN,351,1,357,357,56,258,30,0,80,4519
Y02575,2020,07,RM82EQ,806,35,1448,1461,583,864,90,0,204,14647
Y02578,2020,07,BS13EA,657,0,273,274,40,198,40,326,248,4845
Y02586,2020,07,OL67SR,537,1,388,394,121,331,23,0,142,5861
Y02589,2020,07,W120HS,390,26,542,558,199,445,34,5,114,6723
Y02594,2020,07,WV112RF,449,45,780,798,78,632,26,0,136,7177
Y02605,2020,07,BB56AS,480,5,424,431,99,351,22,0,116,5120
Y02606,2020,07,BB47PL,831,4,601,603,179,535,33,0,183,8191
Y02611,2020,07,CM25EF,749,14,693,707,93,450,40,0,185,7952
Y02622,2020,07,M36AF,715,1,184,185,43,116,23,0,288,4285
Y02625,2020,07,M54DG,642,201,254,258,92,383,29,0,235,10506
Y02626,2020,07,WV132NY,536,4,486,491,96,373,31,0,209,6231
Y02627,2020,07,WS31LZ,1902,52,1600,1628,392,1249,218,0,533,24249
Y02633,2020,07,EX176FB,958,20,1376,1393,219,946,34,0,139,12975
Y02636,2020,07,WV30JH,325,11,352,354,98,209,7,0,119,4672
Y02639,2020,07,AL74HL,635,27,679,683,138,435,12,0,203,7736
Y02646,2020,07,CO45JR,1703,2,1077,1080,181,725,73,0,586,13147
Y02653,2020,07,DY51RU,671,21,744,753,116,635,28,0,182,8740
Y02656,2020,07,YO164QP,654,16,1075,1079,122,569,34,26,136,9785
Y02657,2020,07,BB24QD,1215,7,1070,1081,198,771,46,0,320,12319
Y02658,2020,07,NE215NW,352,2,248,250,52,180,7,0,87,3069
Y02663,2020,07,M437NP,602,7,560,571,70,416,34,0,222,6620
Y02669,2020,07,YO112NP,889,2,427,428,64,353,119,7,205,7154
Y02671,2020,07,TW33LN,474,29,978,980,532,759,76,0,147,10811
Y02672,2020,07,TW134GU,350,0,724,728,274,529,30,0,87,6140
Y02674,2020,07,NW12LS,208,0,121,122,55,104,5,57,77,2278
Y02676,2020,07,BN13XE,652,1,188,188,22,127,53,0,267,3961
Y02684,2020,07,DN327DL,441,2,359,360,96,248,5,0,104,4407
Y02686,2020,07,LE16AS,505,1,305,305,67,202,45,0,162,4128
Y02692,2020,07,HA04UZ,218,4,495,498,232,335,37,0,61,4315
Y02701,2020,07,B700BF,770,10,785,790,214,606,58,0,203,10076
Y02707,2020,07,SS24BD,673,19,516,520,114,414,62,0,189,7051
Y02713,2020,07,M345HY,586,7,664,668,124,509,26,0,213,7790
Y02718,2020,07,OL104PW,502,6,463,467,97,340,18,0,164,5025
Y02720,2020,07,OL164AT,292,2,270,275,63,226,10,0,77,3286
Y02721,2020,07,OL112JG,515,1,339,341,72,278,12,0,149,4157
Y02736,2020,07,WV109ST,444,16,416,420,84,307,74,0,156,6802
Y02747,2020,07,HU73JQ,1682,15,1407,1412,256,1030,47,0,536,16677
Y02751,2020,07,NR11RB,1492,37,563,564,156,492,146,8,469,14287
Y02753,2020,07,OL82QD,911,10,619,626,121,534,94,9,235,9521
Y02755,2020,07,BL90NJ,1213,7,757,762,120,599,30,0,333,11325
Y02757,2020,07,WV140EE,1280,22,1069,1073,356,893,83,2,401,15408
Y02767,2020,07,M67NJ,768,11,655,667,87,453,33,0,245,7791
Y02769,2020,07,PE191AG,652,5,539,541,91,391,43,0,193,6082
Y02787,2020,07,DN156HX,620,4,458,461,106,375,8,0,133,5722
Y02790,2020,07,BL36PY,592,4,594,599,176,433,41,0,168,7374
Y02794,2020,07,B83SW,412,0,547,549,344,455,15,0,96,7759
Y02795,2020,07,M244EL,620,10,471,480,104,406,34,23,179,6227
Y02807,2020,07,RM176NB,721,4,935,939,190,692,38,0,163,9823
Y02811,2020,07,BR33FD,651,14,704,705,151,483,34,0,180,9034
Y02816,2020,07,BN213QJ,346,5,224,226,57,183,24,0,94,3176
Y02827,2020,07,OL81DF,327,5,488,489,170,463,8,0,82,5851
Y02842,2020,07,W104RE,302,9,409,414,183,355,40,0,79,4446
Y02847,2020,07,NG23AJ,1212,1,447,449,101,378,104,206,349,9077
Y02849,2020,07,M11PL,635,2,184,187,37,117,18,0,326,4615
Y02867,2020,07,ST63PN,822,30,710,716,156,583,52,0,240,9403
Y02873,2020,07,BS28JP,384,0,1,1,3,0,87,175,42,3013
Y02875,2020,07,OL11NL,305,1,287,291,70,246,6,0,89,3630
Y02885,2020,07,WN50QL,621,6,367,368,102,311,19,0,183,4666
Y02886,2020,07,WN74JY,466,5,479,485,73,323,13,0,147,4773
Y02890,2020,07,M146FS,435,1,388,392,90,352,16,0,150,5743
Y02893,2020,07,B338TA,1274,0,1697,1718,459,1388,94,0,391,21549
Y02900,2020,07,MK107HN,713,13,649,656,124,304,38,0,203,7731
Y02906,2020,07,W127FG,371,17,529,530,195,450,30,0,155,5966
Y02928,2020,07,E162DY,530,4,915,926,238,627,20,0,172,8689
Y02933,2020,07,OL83TR,979,5,795,797,165,711,68,0,312,10094
Y02936,2020,07,SK153BJ,390,1,348,348,46,245,26,0,102,4201
Y02946,2020,07,SW112NU,218,14,165,166,49,98,19,0,107,2753
Y02960,2020,07,M124JE,445,1,443,448,193,428,61,0,105,7387
Y02962,2020,07,CR01FE,228,0,202,204,70,133,22,0,85,2820
Y02973,2020,07,RM30FE,533,2,444,449,91,277,30,0,161,5662
Y02974,2020,07,SE280NY,330,2,544,545,124,248,19,0,122,5195
Y02986,2020,07,NW21DZ,237,0,229,233,82,131,34,0,45,3211
Y02987,2020,07,IG12SN,755,40,1486,1491,503,1062,24,0,171,14764
Y03023,2020,07,E33FF,779,0,1181,1193,465,925,17,5,235,11607
Y03035,2020,07,N88JD,1920,109,2967,3018,829,2097,159,25,513,28249
Y03049,2020,07,N165SR,571,11,858,866,308,640,21,19,217,8769
Y03052,2020,07,SS166SA,1188,22,1544,1556,279,1153,95,2,318,17250
Y03063,2020,07,SW98DJ,700,18,940,943,207,675,24,37,231,8745
Y03079,2020,07,BL18TU,1551,39,1827,1838,254,1266,202,0,412,23062
Y03124,2020,07,NG84HQ,855,7,747,752,137,585,48,0,192,10986
Y03135,2020,07,N41TL,352,20,630,639,197,485,20,0,98,5905
Y03222,2020,07,PE147RR,969,11,1539,1543,293,1278,59,0,230,14417
Y03296,2020,07,SE186AB,454,30,559,562,148,349,32,0,104,7158
Y03366,2020,07,BL35HP,223,6,451,451,157,375,6,0,69,5033
Y03402,2020,07,N90TW,1359,36,2713,2754,771,2059,44,0,246,23943
Y03441,2020,07,SW50PT,313,8,404,406,140,284,46,0,92,4185
Y03587,2020,07,LE30LP,331,5,478,479,37,274,29,0,95,4057
Y03595,2020,07,NR50RS,1112,19,1021,1029,242,873,197,0,249,12955
Y03597,2020,07,B83SW,342,0,539,544,248,518,32,0,124,6945
Y03602,2020,07,WR74BW,584,16,1186,1193,178,853,38,0,169,10759
Y03656,2020,07,PR251HR,738,18,712,723,106,522,26,0,226,8076
Y03663,2020,07,NW97DG,507,35,1102,1112,349,826,29,0,128,10566
Y03664,2020,07,NW43EB,466,39,721,728,139,561,36,0,193,7402
Y03671,2020,07,SN55AN,455,0,560,563,80,399,21,0,147,5474
Y03755,2020,07,SE100QN,523,19,540,548,80,353,29,1,151,6836
Y04225,2020,07,W138ER,323,109,362,362,108,322,29,0,64,7990
Y04266,2020,07,HD45RX,401,10,592,596,123,483,19,0,114,6573
Y04273,2020,07,E201AS,665,12,674,704,232,448,14,0,150,7972
Y04662,2020,07,EX57DR,352,1,133,135,27,77,31,0,82,2624
Y04664,2020,07,CH642TN,466,8,735,739,80,597,51,0,140,7737
Y04809,2020,07,S639EH,460,4,355,359,47,295,26,0,104,4931
Y04882,2020,07,CV114UZ,421,24,648,652,103,406,46,0,106,6328
Y04884,2020,07,B461TH,318,27,748,757,105,495,40,0,68,6602
Y04925,2020,07,WA53AL,632,14,531,535,134,411,33,0,197,6699
Y04942,2020,07,LN67GA,758,0,25,25,3,16,5,0,377,2188
Y04947,2020,07,CV31BN,216,7,340,342,71,233,12,0,53,3015
Y04951,2020,07,CV14FS,340,2,328,329,96,177,33,0,58,3955
Y04952,2020,07,CV57BB,353,4,684,690,88,350,28,0,91,5349
Y04957,2020,07,PL253EF,5712,60,5594,5615,589,3437,372,12,1440,63014
Y04965,2020,07,CV65ND,160,0,232,238,99,166,26,0,34,2852
Y04968,2020,07,WR13BH,825,10,370,372,36,218,61,30,203,6115
Y04969,2020,07,CV109EB,631,12,486,498,80,272,108,0,208,6249
Y04977,2020,07,S804HA,1106,33,1547,1550,179,1128,47,0,315,13343
Y04995,2020,07,S402HP,4049,62,4512,4534,841,3253,186,5,957,46668
Y05023,2020,07,CM83RQ,559,11,698,704,136,533,32,0,130,7353
Y05080,2020,07,HA29LG,122,9,516,525,267,499,25,0,22,5221
Y05167,2020,07,DN13AP,996,4,889,895,239,669,36,4,171,10983
Y05212,2020,07,GL517SU,480,3,283,285,70,208,27,0,100,4344
Y05248,2020,07,S729HZ,681,28,772,775,120,611,37,0,172,8735
Y05286,2020,07,DE736SW,1360,26,1026,1031,136,728,55,0,367,13686
Y05291,2020,07,NR191LD,668,27,885,898,163,778,33,6,192,8930
Y05317,2020,07,SE255NT,520,25,889,899,216,587,41,12,137,8953
Y05318,2020,07,SE255NT,539,14,840,844,240,529,48,0,70,8965
Y05330,2020,07,N179FD,138,0,133,133,43,86,6,14,35,1658
Y05346,2020,07,S802TR,489,5,438,442,105,357,13,0,161,4805
Y05349,2020,07,S12PJ,401,0,207,210,83,145,35,0,113,3692
Y05363,2020,07,S727NZ,645,39,607,612,103,593,25,0,208,7814
Y05364,2020,07,S715PN,787,19,446,452,106,493,74,0,222,8559
Y05369,2020,07,NG243HJ,878,11,1104,1106,130,815,36,0,257,10709
Y05540,2020,07,ST36AB,306,0,20,20,7,6,27,0,127,3757
Y05622,2020,07,NG55GU,365,2,286,286,61,258,14,0,117,4515
Y05690,2020,07,NG177AE,1067,26,1002,1007,172,749,32,0,317,11473
Y05733,2020,07,DE248QJ,628,12,855,858,134,621,45,0,177,9012
Y05826,2020,07,B114BW,210,2,227,228,126,186,25,0,71,3895
Y06007,2020,07,BN25FL,1329,18,804,804,162,787,98,0,348,13708
Y06218,2020,07,CV211JF,676,12,825,832,187,557,30,0,206,7683
Y06275,2020,07,NR310DW,974,5,664,687,184,553,43,7,304,9032
Y06345,2020,07,BR33QL,583,144,460,463,70,348,53,0,78,11267
Y06356,2020,07,NG84PN,1332,25,1520,1525,190,1185,40,0,307,17201
Y06378,2020,07,B187AL,283,0,387,392,143,273,5,0,75,4047
Y06443,2020,07,NG157JE,1557,32,1653,1665,238,1317,40,0,455,19135
Y06499,2020,07,IP42LA,331,0,36,36,6,54,90,92,17,2594
Y06507,2020,07,NG41JA,625,10,860,872,158,691,44,0,122,8685
Y06528,2020,07,B313HB,413,14,235,241,49,228,23,0,99,7514
Y06792,2020,07,NG86LN,317,4,246,246,40,160,24,0,88,3711
